0.436946
0.832407
0.566584
0.841060
0.722386
0.911652
0.849583
0.611031
0.889834
0.515555
0.971436
0.611031
0.841060
0.897326
0.684836
0.911652
0.515555
0.897326
0.814758
0.832407
0.684836
0.823636
0.675485
0.611031
0.866193
0.814758
0.841060
0.360374
0.931330
0.805785
0.823636
0.602017
0.787595
0.629223
0.515555
0.769148
0.889834
0.387010
0.540731
0.347570
0.174531
0.984242
0.948586
0.400844
0.882140
0.857965
0.996260
0.823636
0.841060
0.086767
0.593063
0.874256
0.805785
0.491095
0.170864
0.467379
0.311174
0.008473
0.071458
0.444425
0.373520
0.943118
0.750520
0.904602
0.963210
0.814758
0.656867
0.981486
0.841060
0.841060
0.407891
0.841060
0.823636
0.091001
0.540731
0.722386
0.185914
0.963210
0.005580
0.039612
0.189838
0.925027
0.882140
0.400844
0.703594
0.999430
0.393884
0.373520
0.975089
0.731779
0.849583
0.787595
0.849583
0.931330
0.741159
0.620100
0.039612
0.584171
0.990843
0.958638
