0.549275
0.832407
0.584171
0.953762
0.328997
0.703594
0.656867
0.841060
0.953762
0.491095
0.889834
0.444425
0.943118
0.602017
0.611031
0.778399
0.750520
0.953762
0.866193
0.849583
0.943118
0.666160
0.214793
0.288556
0.832407
0.611031
0.584171
0.515555
0.958638
0.857965
0.769148
0.814758
0.759852
0.429552
0.232825
0.750520
0.602017
0.422245
0.874256
0.778399
0.134500
0.993982
0.849583
0.620100
0.990843
0.787595
0.981486
0.911652
0.769148
0.277729
0.620100
0.602017
0.366904
0.874256
0.185914
0.787595
0.387010
0.002946
0.073236
0.523869
0.335104
0.904602
0.988909
0.422245
0.666160
0.656867
0.882140
0.823636
0.823636
0.540731
0.272433
0.823636
0.602017
0.125771
0.467379
0.611031
0.193828
0.931330
0.036550
0.160236
0.117516
0.904602
0.814758
0.283103
0.953762
0.986713
0.656867
0.294090
0.722386
0.769148
0.925027
0.937363
0.937363
0.997122
0.407891
0.491095
0.202009
0.540731
0.796727
0.507320
