0.436946
0.549275
0.832407
0.832407
0.566584
0.584171
0.841060
0.953762
0.722386
0.328997
0.911652
0.703594
0.849583
0.656867
0.611031
0.841060
0.889834
0.953762
0.515555
0.491095
0.971436
0.889834
0.611031
0.444425
0.841060
0.943118
0.897326
0.602017
0.684836
0.611031
0.911652
0.778399
0.515555
0.750520
0.897326
0.953762
0.814758
0.866193
0.832407
0.849583
0.684836
0.943118
0.823636
0.666160
0.675485
0.214793
0.611031
0.288556
0.866193
0.832407
0.814758
0.611031
0.841060
0.584171
0.360374
0.515555
0.931330
0.958638
0.805785
0.857965
0.823636
0.769148
0.602017
0.814758
0.787595
0.759852
0.629223
0.429552
0.515555
0.232825
0.769148
0.750520
0.889834
0.602017
0.387010
0.422245
0.540731
0.874256
0.347570
0.778399
0.174531
0.134500
0.984242
0.993982
0.948586
0.849583
0.400844
0.620100
0.882140
0.990843
0.857965
0.787595
0.996260
0.981486
0.823636
0.911652
0.841060
0.769148
0.086767
0.277729
0.593063
0.620100
0.874256
0.602017
0.805785
0.366904
0.491095
0.874256
0.170864
0.185914
0.467379
0.787595
0.311174
0.387010
0.008473
0.002946
0.071458
0.073236
0.444425
0.523869
0.373520
0.335104
0.943118
0.904602
0.750520
0.988909
0.904602
0.422245
0.963210
0.666160
0.814758
0.656867
0.656867
0.882140
0.981486
0.823636
0.841060
0.823636
0.841060
0.540731
0.407891
0.272433
0.841060
0.823636
0.823636
0.602017
0.091001
0.125771
0.540731
0.467379
0.722386
0.611031
0.185914
0.193828
0.963210
0.931330
0.005580
0.036550
0.039612
0.160236
0.189838
0.117516
0.925027
0.904602
0.882140
0.814758
0.400844
0.283103
0.703594
0.953762
0.999430
0.986713
0.393884
0.656867
0.373520
0.294090
0.975089
0.722386
0.731779
0.769148
0.849583
0.925027
0.787595
0.937363
0.849583
0.937363
0.931330
0.997122
0.741159
0.407891
0.620100
0.491095
0.039612
0.202009
0.584171
0.540731
0.990843
0.796727
0.958638
0.507320
