0.114725
0.199779
0.932418
0.247945
0.037386
0.839356
0.924159
0.551785
0.210617
0.235604
0.324601
0.278663
0.680967
0.199779
0.753315
0.095372
0.010536
0.773363
0.839356
0.050806
0.521438
0.064449
0.416320
0.494871
0.851058
0.278663
0.949090
0.162447
0.462545
0.614310
0.645787
0.508082
0.148107
0.856782
0.468925
0.910872
0.304589
0.007361
0.386941
0.116956
0.309508
0.936363
0.449917
0.398537
0.531367
0.915418
0.701955
0.924159
0.680967
0.544950
0.189398
0.410341
0.269609
0.680967
0.252167
0.153709
0.915418
0.174743
0.719131
0.928349
0.008964
0.845248
0.002818
0.138790
0.815009
0.666913
0.565535
0.839356
0.538143
0.462545
0.367306
0.621335
0.766726
0.906211
0.126262
0.231599
0.766726
0.061853
0.029816
0.652832
0.974869
0.299727
0.097269
0.186038
0.329745
0.440730
0.398537
0.680967
0.239663
0.252167
0.488323
0.206953
0.972517
0.638743
0.319514
0.961834
0.786488
0.726032
0.501457
0.006397
