0.364388
0.243777
0.364388
0.753315
0.624665
0.022675
0.084666
0.673945
0.680967
0.949090
0.067143
0.659874
0.449917
0.964698
0.501457
0.558648
0.235604
0.252167
0.231599
0.501457
0.851058
0.102105
0.779952
0.732903
0.468925
0.988575
0.586333
0.753315
0.511232
0.983870
0.038195
0.746548
0.508082
0.057570
0.517910
0.586333
0.694975
0.873406
0.827331
0.285477
0.196269
0.645787
0.551785
0.434555
0.517910
0.015340
0.410341
0.231599
0.915418
0.845248
0.057570
0.425222
0.827331
0.004085
0.203341
0.970039
0.440730
0.078138
0.494871
0.779952
0.521438
0.958842
0.906211
0.964698
0.334944
0.229720
0.862416
0.719131
0.746548
0.708915
0.551785
0.901437
0.252167
0.309508
0.514742
0.488323
0.753315
0.659874
0.531367
0.260777
0.186038
0.551785
0.434555
0.945583
0.140030
0.593305
0.437474
0.961834
0.760042
0.680967
0.531367
0.891559
0.104120
0.481816
0.924159
0.614310
0.061853
0.586333
0.919848
0.521438
