0.694975
0.955720
0.294921
0.309508
0.786488
0.952469
0.631702
0.039863
0.235604
0.159489
0.404413
0.544950
0.833382
0.018560
0.375557
0.488323
0.468925
0.958842
0.189398
0.243777
0.517910
0.428427
0.381222
0.456208
0.369946
0.089877
0.531367
0.475349
0.915418
0.551785
0.115895
0.358886
0.955720
0.799391
0.324601
0.247945
0.386941
0.206953
0.133656
0.356298
0.958842
0.624665
0.369946
0.247945
0.192809
0.766726
0.827331
0.039863
0.603608
0.551785
0.624665
0.501457
0.833382
0.361775
0.896552
0.901437
0.845248
0.324601
0.056388
0.659874
0.375557
0.446953
0.501457
0.786488
0.773363
0.106169
0.873406
0.827331
0.239663
0.779952
0.434555
0.061853
0.112531
0.001844
0.799391
0.666913
0.901437
0.356298
0.786488
0.896552
0.531367
0.189398
0.666913
0.086372
0.410341
0.462545
0.375557
0.047704
0.235604
0.808743
0.508082
0.753315
0.177934
0.558648
0.891559
0.766726
0.324601
0.586333
0.068529
0.558648
