0.404413
0.356298
0.886460
0.958842
0.494871
0.171598
0.299727
0.673945
0.705254
0.760042
0.796018
0.928349
0.350877
0.924159
0.227647
0.309508
0.345510
0.475349
0.551785
0.456208
0.983870
0.544950
0.945583
0.600293
0.614310
0.760042
0.081343
0.659874
0.534929
0.334944
0.294921
0.621335
0.856782
0.645787
0.446953
0.955720
0.558648
0.025584
0.558648
0.572447
0.356298
0.987120
0.952469
0.011549
0.659874
0.719131
0.256445
0.862416
0.521438
0.060591
0.753315
0.345510
0.586333
0.265165
0.131151
0.928349
0.739743
0.607295
0.773363
0.732903
0.235604
0.802412
0.521438
0.019408
0.524622
0.309508
0.192809
0.949090
0.815009
0.845248
0.851058
0.845248
0.030472
0.159489
0.961834
0.851058
0.531367
0.065784
0.475349
0.181174
0.456208
0.462545
0.369946
0.753315
0.712205
0.910872
0.856782
0.528168
0.511232
0.652832
0.422349
0.274108
0.673945
0.404413
0.792968
0.896552
0.600293
0.694975
0.896552
0.015340
