0.746548
0.901437
0.631702
0.468925
0.732903
0.901437
0.243777
0.369946
0.901437
0.796018
0.565535
0.851058
0.992290
0.862416
0.719131
0.364388
0.726032
0.833382
0.223749
0.462545
0.732903
0.906211
0.891559
0.766726
0.989919
0.687978
0.294921
0.364388
0.833382
0.214332
0.119225
0.614310
0.712205
0.983870
0.579380
0.694975
0.290171
0.358886
0.068529
0.833382
0.945583
0.631702
0.392713
0.544950
0.596613
0.386941
0.753315
0.964698
0.225794
0.624665
0.437474
0.961834
0.928349
0.652832
0.392713
0.126262
0.084666
0.851058
0.392713
0.501457
0.511232
0.652832
0.074331
0.972517
0.753315
0.189398
0.701955
0.101163
0.524622
0.624665
0.932418
0.243777
0.119225
0.839356
0.233700
0.319514
0.072841
0.845248
0.833382
0.802412
0.369946
0.760042
0.732903
0.870551
0.739743
0.839356
0.991157
0.792968
0.726032
0.353438
0.991157
0.779952
0.256445
0.093508
0.572447
0.881257
0.839356
0.839356
0.334944
0.504591
