0.967432
0.766726
0.915418
0.095372
0.687978
0.989919
0.673945
0.468925
0.037386
0.827331
0.856782
0.134857
0.345510
0.579380
0.915418
0.839356
0.993324
0.988575
0.514742
0.017353
0.586333
0.645787
0.833382
0.280840
0.416320
0.786488
0.906211
0.558648
0.398537
0.148107
0.680967
0.961834
0.786488
0.739743
0.827331
0.833382
0.906211
0.443672
0.551785
0.924159
0.760042
0.319514
0.398537
0.049752
0.739743
0.833382
0.285477
0.687978
0.673945
0.760042
0.481816
0.746548
0.753315
0.544950
0.773363
0.993324
0.746548
0.558648
0.833382
0.988575
0.624665
0.468925
0.827331
0.071377
0.052975
0.712205
0.462545
0.528168
0.915418
0.565535
0.104120
0.851058
0.142680
0.231599
0.538143
0.586333
0.586333
0.468925
0.862416
0.961834
0.753315
0.162447
0.150886
0.739743
0.958842
0.443672
0.269609
0.481816
0.845248
0.839356
0.579380
0.243777
0.196269
0.991157
0.786488
0.961834
0.538143
0.760042
0.958842
0.712205
