0.057570
0.481816
0.127406
0.538143
0.058775
0.551785
0.076579
0.192809
0.000192
0.140030
0.002187
0.628368
0.802412
0.192809
0.906211
0.082206
0.340199
0.358886
0.524622
0.182726
0.000154
0.280840
0.003256
0.334944
0.998300
0.558648
0.666913
0.514742
0.047704
0.443672
0.148107
0.607295
0.862416
0.106169
0.867958
0.449917
0.314483
0.256445
0.189398
0.097269
0.345510
0.032152
0.035052
0.203341
0.013389
0.638743
0.126262
0.364388
0.645787
0.386941
0.614310
0.551785
0.223749
0.851058
0.462545
0.600293
0.970039
0.449917
0.955720
0.294921
0.614310
0.169963
0.572447
0.766726
0.827331
0.203341
0.088109
0.624665
0.544950
0.440730
0.538143
0.132333
0.008465
0.006863
0.760042
0.952469
0.068529
0.680967
0.116956
0.508082
0.276259
0.108254
0.088109
0.000549
0.364388
0.004941
0.538143
0.753315
0.821206
0.614310
0.579380
0.024483
0.392713
0.544950
0.701955
0.851058
0.050806
0.827331
0.531367
0.521438
