0.833382
0.225794
0.052975
0.786488
0.565535
0.773363
0.386941
0.600293
0.488323
0.867958
0.551785
0.867958
0.955720
0.398537
0.862416
0.294921
0.715853
0.833382
0.856782
0.694975
0.910872
0.514742
0.299727
0.786488
0.989919
0.309508
0.614310
0.558648
0.715853
0.538143
0.901437
0.462545
0.386941
0.206953
0.186038
0.035815
0.970039
0.833382
0.153709
0.833382
0.680967
0.462545
0.607295
0.475349
0.428427
0.964698
0.075850
0.989919
0.475349
0.673945
0.827331
0.621335
0.171598
0.815009
0.815009
0.162447
0.910872
0.815009
0.392713
0.425222
0.680967
0.538143
0.833382
0.375557
0.928349
0.936363
0.845248
0.334944
0.304589
0.815009
0.760042
0.659874
0.241822
0.773363
0.063825
0.958842
0.345510
0.521438
0.645787
0.919848
0.314483
0.607295
0.673945
0.786488
0.760042
0.329745
0.961834
0.753315
0.760042
0.392713
0.936363
0.416320
0.808743
0.538143
0.708915
0.084666
0.243777
0.666913
0.061853
0.851058
