0.422349
0.652832
0.019846
0.833382
0.174743
0.652832
0.061853
0.732903
0.145372
0.023949
0.199779
0.501457
0.290171
0.314483
0.392713
0.508082
0.381222
0.304589
0.050806
0.638743
0.186038
0.026732
0.565535
0.243777
0.645787
0.392713
0.475349
0.985553
0.156577
0.631702
0.579380
0.544950
0.364388
0.924159
0.114725
0.538143
0.021216
0.381222
0.928349
0.501457
0.666913
0.044778
0.845248
0.235604
0.013697
0.386941
0.265165
0.025584
0.488323
0.329745
0.538143
0.443672
0.565535
0.987120
0.119225
0.753315
0.095372
0.839356
0.148107
0.949090
0.142680
0.779952
0.364388
0.534929
0.179463
0.673945
0.910872
0.091676
0.065784
0.481816
0.462545
0.802412
0.600293
0.544950
0.247945
0.815009
0.168501
0.808743
0.225794
0.680967
0.017747
0.398537
0.186038
0.043840
0.256445
0.494871
0.132333
0.398537
0.673945
0.821206
0.235604
0.760042
0.896552
0.247945
0.989919
0.481816
0.766726
0.084666
0.252167
0.018560
