0.565535
0.766726
0.314483
0.600293
0.551785
0.410341
0.753315
0.862416
0.150886
0.071377
0.078971
0.621335
0.901437
0.970039
0.290171
0.856782
0.732903
0.701955
0.247945
0.168501
0.732903
0.061253
0.077396
0.928349
0.732903
0.739743
0.839356
0.851058
0.475349
0.475349
0.020293
0.425222
0.517910
0.694975
0.186038
0.617636
0.773363
0.265165
0.027324
0.410341
0.314483
0.760042
0.760042
0.746548
0.631702
0.378532
0.128687
0.494871
0.739743
0.235604
0.593305
0.862416
0.042491
0.003895
0.624665
0.982069
0.739743
0.928349
0.517910
0.309508
0.786488
0.219903
0.501457
0.638743
0.565535
0.003895
0.044332
0.398537
0.924159
0.225794
0.329745
0.223749
0.910872
0.468925
0.218100
0.028545
0.410341
0.915418
0.773363
0.392713
0.565535
0.961834
0.072841
0.186038
0.092636
0.329745
0.760042
0.958842
0.290171
0.862416
0.967432
0.481816
0.002134
0.524622
0.808743
0.544950
0.586333
0.617636
0.827331
0.514742
