0.214332
0.005492
0.687978
0.422349
0.673945
0.437474
0.488323
0.297443
0.494871
0.173082
0.833382
0.910872
0.565535
0.462545
0.252167
0.673945
0.404413
0.243777
0.586333
0.593305
0.398537
0.182726
0.827331
0.652832
0.579380
0.398537
0.314483
0.565535
0.199779
0.299727
0.104120
0.494871
0.508082
0.524622
0.833382
0.867958
0.932418
0.645787
0.753315
0.572447
0.064449
0.766726
0.350877
0.283274
0.227647
0.112531
0.256445
0.659874
0.475349
0.833382
0.773363
0.712205
0.586333
0.497986
0.766726
0.845248
0.732903
0.910872
0.508082
0.856782
0.659874
0.481816
0.746548
0.274108
0.958842
0.002134
0.915418
0.283274
0.666913
0.319514
0.673945
0.600293
0.521438
0.631702
0.565535
0.386941
0.106169
0.278663
0.501457
0.358886
0.579380
0.345510
0.361775
0.504591
0.239663
0.833382
0.652832
0.324601
0.252167
0.924159
0.035815
0.218100
0.032855
0.586333
0.766726
0.386941
0.901437
0.687978
0.932418
0.732903
