0.468925
0.687978
0.227647
0.221921
0.746548
0.773363
0.219903
0.283274
0.067143
0.392713
0.991157
0.558648
0.827331
0.214332
0.278663
0.779952
0.572447
0.739743
0.192809
0.050806
0.283274
0.449917
0.924159
0.955720
0.901437
0.105194
0.225794
0.449917
0.732903
0.011817
0.687978
0.375557
0.369946
0.218100
0.218100
0.694975
0.517910
0.961834
0.901437
0.673945
0.398537
0.142680
0.404413
0.732903
0.760042
0.915418
0.901437
0.732903
0.494871
0.508082
0.773363
0.110374
0.082990
0.878757
0.572447
0.353438
0.278663
0.915418
0.919848
0.392713
0.739743
0.827331
0.422349
0.673945
0.638743
0.544950
0.369946
0.265165
0.827331
0.645787
0.638743
0.910872
0.753315
0.375557
0.839356
0.210617
0.739743
0.891559
0.753315
0.773363
0.280840
0.136202
0.089877
0.156577
0.992290
0.638743
0.901437
0.168501
0.278663
0.786488
0.179463
0.026732
0.701955
0.481816
0.358886
0.269609
0.097269
0.974869
0.468925
0.544950
