0.453223
0.514742
0.422349
0.348045
0.302279
0.521438
0.165451
0.610616
0.119225
0.392713
0.398537
0.398537
0.987120
0.808743
0.746548
0.753315
0.155213
0.928349
0.091676
0.610616
0.131151
0.739743
0.481816
0.673945
0.949090
0.739743
0.891559
0.449917
0.910872
0.862416
0.065784
0.666913
0.631702
0.845248
0.297443
0.779952
0.531367
0.607295
0.035052
0.534929
0.521438
0.410341
0.285477
0.565535
0.404413
0.319514
0.891559
0.753315
0.299727
0.987120
0.299727
0.481816
0.952469
0.043403
0.645787
0.353438
0.862416
0.488323
0.302279
0.638743
0.410341
0.544950
0.019408
0.304589
0.186038
0.398537
0.955720
0.233700
0.278663
0.600293
0.694975
0.987120
0.531367
0.988575
0.231599
0.079726
0.372892
0.572447
0.378532
0.361775
0.329745
0.294921
0.309508
0.329745
0.494871
0.364388
0.961834
0.955720
0.638743
0.945583
0.481816
0.952469
0.057570
0.753315
0.431323
0.673945
0.851058
0.302279
0.732903
0.422349
