0.051880
0.928349
0.247945
0.101163
0.072841
0.475349
0.023700
0.410341
0.958842
0.241822
0.324601
0.398537
0.600293
0.235604
0.134857
0.196269
0.766726
0.116956
0.113682
0.443672
0.434555
0.514742
0.153709
0.514742
0.906211
0.025584
0.910872
0.910872
0.851058
0.239663
0.381222
0.002958
0.915418
0.786488
0.624665
0.603608
0.991157
0.989919
0.122762
0.000067
0.928349
0.247945
0.508082
0.309508
0.312119
0.243777
0.687978
0.862416
0.247945
0.216111
0.845248
0.753315
0.481816
0.558648
0.348045
0.821206
0.773363
0.746548
0.886460
0.631702
0.666913
0.862416
0.013861
0.511232
0.989919
0.600293
0.603608
0.786488
0.851058
0.919848
0.035815
0.501457
0.739743
0.558648
0.579380
0.475349
0.833382
0.666913
0.145372
0.687978
0.004825
0.136202
0.839356
0.245964
0.449917
0.422349
0.422349
0.239663
0.276259
0.839356
0.910872
0.851058
0.196269
0.044778
0.150886
0.687978
0.833382
0.631702
0.624665
0.915418
