0.140030
0.045735
0.035052
0.596613
0.431323
0.173082
0.223749
0.002559
0.753315
0.808743
0.593305
0.673945
0.572447
0.901437
0.551785
0.231599
0.524622
0.049752
0.043840
0.053501
0.481816
0.645787
0.586333
0.600293
0.449917
0.906211
0.666913
0.097269
0.919848
0.199779
0.060591
0.786488
0.101163
0.165451
0.538143
0.078138
0.638743
0.766726
0.924159
0.008080
0.047704
0.007361
0.413167
0.290171
0.252167
0.919848
0.862416
0.680967
0.726032
0.551785
0.901437
0.708915
0.199779
0.732903
0.037386
0.579380
0.779952
0.324601
0.082990
0.219903
0.928349
0.991157
0.177934
0.294921
0.082990
0.004880
0.381222
0.017559
0.064449
0.558648
0.746548
0.446953
0.501457
0.687978
0.319514
0.919848
0.392713
0.673945
0.617636
0.060591
0.169963
0.018149
0.358886
0.468925
0.579380
0.919848
0.508082
0.524622
0.839356
0.119225
0.701955
0.324601
0.732903
0.035815
0.168501
0.494871
0.199779
0.082990
0.504591
0.694975
