0.364388
0.779952
0.680967
0.544950
0.047704
0.708915
0.324601
0.631702
0.687978
0.026732
0.833382
0.145372
0.324601
0.631702
0.906211
0.456208
0.020293
0.701955
0.269609
0.802412
0.680967
0.231599
0.833382
0.156577
0.558648
0.112531
0.964698
0.186038
0.404413
0.799391
0.544950
0.398537
0.773363
0.839356
0.468925
0.579380
0.165451
0.369946
0.446953
0.369946
0.687978
0.915418
0.247945
0.579380
0.148107
0.808743
0.093508
0.319514
0.631702
0.645787
0.449917
0.666913
0.687978
0.839356
0.779952
0.475349
0.967432
0.732903
0.243777
0.241822
0.052975
0.043403
0.283274
0.171598
0.773363
0.319514
0.443672
0.773363
0.565535
0.119225
0.227647
0.896552
0.753315
0.621335
0.551785
0.906211
0.779952
0.260777
0.038195
0.265165
0.481816
0.314483
0.845248
0.252167
0.531367
0.475349
0.069940
0.952469
0.243777
0.314483
0.314483
0.687978
0.404413
0.666913
0.481816
0.851058
0.645787
0.739743
0.378532
0.153709
