0.701955
0.239663
0.011032
0.000003
0.851058
0.638743
0.086372
0.000327
0.687978
0.239663
0.324601
0.593305
0.361775
0.422349
0.833382
0.054091
0.833382
0.449917
0.000014
0.739743
0.203341
0.189398
0.422349
0.494871
0.453223
0.501457
0.060591
0.565535
0.260777
0.544950
0.481816
0.386941
0.381222
0.018149
0.766726
0.299727
0.652832
0.142680
0.891559
0.786488
0.833382
0.003179
0.000002
0.551785
0.386941
0.089877
0.367306
0.274108
0.792968
0.392713
0.037386
0.192809
0.760042
0.746548
0.565535
0.162447
0.596613
0.065784
0.839356
0.299727
0.999213
0.024483
0.988575
0.239663
0.673945
0.025584
0.481816
0.839356
0.239663
0.000563
0.878757
0.386941
0.508082
0.453223
0.712205
0.839356
0.673945
0.694975
0.792968
0.746548
0.112531
0.000949
0.243777
0.753315
0.012655
0.614310
0.501457
0.283274
0.839356
0.088109
0.659874
0.119225
0.252167
0.659874
0.565535
0.173082
0.067143
0.964698
0.112531
0.839356
