0.381222
0.016414
0.746548
0.324601
0.443672
0.119225
0.845248
0.392713
0.243777
0.945583
0.572447
0.753315
0.701955
0.481816
0.319514
0.440730
0.179463
0.265165
0.638743
0.089877
0.558648
0.896552
0.659874
0.481816
0.779952
0.221921
0.324601
0.186038
0.680967
0.265165
0.501457
0.269609
0.002033
0.223749
0.340199
0.970039
0.938188
0.276259
0.456208
0.746548
0.037386
0.673945
0.199779
0.551785
0.294921
0.252167
0.091676
0.521438
0.210617
0.462545
0.440730
0.064449
0.614310
0.989919
0.494871
0.000915
0.012504
0.319514
0.416320
0.481816
0.044778
0.652832
0.739743
0.687978
0.299727
0.299727
0.392713
0.856782
0.462545
0.358886
0.168501
0.687978
0.572447
0.247945
0.269609
0.404413
0.839356
0.999213
0.475349
0.235604
0.666913
0.392713
0.196269
0.952469
0.652832
0.732903
0.708915
0.410341
0.375557
0.440730
0.084666
0.521438
0.199779
0.687978
0.069940
0.006548
0.319514
0.856782
0.910872
0.100125
