0.126262
0.732903
0.165451
0.186038
0.867958
0.896552
0.915418
0.243777
0.766726
0.955720
0.945583
0.524622
0.544950
0.449917
0.475349
0.551785
0.873406
0.645787
0.949090
0.565535
0.991157
0.987120
0.802412
0.386941
0.285477
0.381222
0.808743
0.687978
0.129849
0.265165
0.915418
0.760042
0.119225
0.701955
0.945583
0.334944
0.833382
0.891559
0.443672
0.392713
0.753315
0.652832
0.243777
0.970039
0.886460
0.475349
0.106169
0.252167
0.603608
0.314483
0.565535
0.007894
0.579380
0.110374
0.410341
0.481816
0.687978
0.558648
0.652832
0.673945
0.985553
0.538143
0.659874
0.093508
0.079726
0.961834
0.177934
0.039021
0.356298
0.839356
0.712205
0.924159
0.462545
0.046710
0.443672
0.171598
0.456208
0.839356
0.746548
0.839356
0.746548
0.958842
0.565535
0.952469
0.988575
0.705254
0.462545
0.497986
0.475349
0.565535
0.223749
0.579380
0.443672
0.970039
0.031824
0.856782
0.839356
0.314483
0.915418
0.652832
