0.896552
0.123878
0.443672
0.631702
0.381222
0.381222
0.802412
0.456208
0.796018
0.958842
0.353438
0.624665
0.901437
0.294921
0.069940
0.381222
0.856782
0.299727
0.631702
0.290171
0.808743
0.739743
0.353438
0.952469
0.369946
0.214332
0.243777
0.565535
0.593305
0.276259
0.375557
0.928349
0.488323
0.265165
0.952469
0.214332
0.538143
0.488323
0.364388
0.901437
0.652832
0.726032
0.712205
0.705254
0.565535
0.886460
0.719131
0.531367
0.067143
0.150886
0.422349
0.278663
0.089877
0.705254
0.659874
0.673945
0.372892
0.881257
0.833382
0.218100
0.192809
0.014011
0.924159
0.061853
0.624665
0.558648
0.162447
0.958842
0.398537
0.156577
0.673945
0.839356
0.002818
0.437474
0.009833
0.551785
0.189398
0.214332
0.369946
0.381222
0.896552
0.299727
0.517910
0.958842
0.353438
0.808743
0.952469
0.145372
0.153709
0.862416
0.181174
0.524622
0.280840
0.964698
0.488323
0.453223
0.796018
0.746548
0.687978
0.551785
