0.565535
0.839356
0.572447
0.025028
0.375557
0.967432
0.392713
0.009833
0.227647
0.906211
0.827331
0.142680
0.199779
0.108254
0.422349
0.191187
0.815009
0.694975
0.881257
0.042921
0.304589
0.827331
0.833382
0.186038
0.392713
0.064449
0.233700
0.247945
0.999213
0.753315
0.915418
0.312119
0.186038
0.991157
0.827331
0.586333
0.680967
0.159489
0.007894
0.565535
0.839356
0.666913
0.059353
0.425222
0.839356
0.475349
0.276259
0.732903
0.027928
0.867958
0.508082
0.839356
0.475349
0.022179
0.701955
0.329745
0.260777
0.989919
0.949090
0.521438
0.579380
0.104120
0.309508
0.586333
0.304589
0.111505
0.991157
0.206953
0.579380
0.802412
0.753315
0.572447
0.294921
0.304589
0.808743
0.659874
0.833382
0.260777
0.544950
0.915418
0.398537
0.013389
0.231599
0.827331
0.901437
0.348045
0.247945
0.067143
0.680967
0.177934
0.404413
0.901437
0.196269
0.708915
0.042491
0.991157
0.839356
0.983870
0.614310
0.766726
