0.910872
0.137423
0.287941
0.799391
0.952469
0.437474
0.614310
0.936363
0.036592
0.773363
0.915418
0.150886
0.508082
0.851058
0.468925
0.961834
0.610616
0.659874
0.701955
0.203341
0.159489
0.652832
0.970039
0.652832
0.600293
0.680967
0.808743
0.645787
0.610616
0.210617
0.292664
0.786488
0.833382
0.437474
0.165451
0.958842
0.381222
0.666913
0.140030
0.839356
0.294921
0.593305
0.614310
0.565535
0.544950
0.579380
0.381222
0.501457
0.773363
0.386941
0.901437
0.558648
0.102105
0.805752
0.621335
0.579380
0.049752
0.404413
0.524622
0.915418
0.659874
0.631702
0.915418
0.153709
0.456208
0.839356
0.475349
0.839356
0.792968
0.600293
0.153709
0.833382
0.002887
0.746548
0.988575
0.462545
0.856782
0.779952
0.924159
0.431323
0.410341
0.878757
0.040722
0.538143
0.694975
0.369946
0.928349
0.579380
0.468925
0.906211
0.739743
0.169963
0.715853
0.237734
0.760042
0.732903
0.260777
0.531367
0.252167
0.915418
