0.558648
0.314483
0.494871
0.398537
0.531367
0.906211
0.694975
0.753315
0.319514
0.949090
0.042491
0.353438
0.572447
0.076579
0.558648
0.600293
0.369946
0.760042
0.687978
0.739743
0.475349
0.443672
0.150886
0.475349
0.955720
0.098179
0.593305
0.666913
0.067143
0.386941
0.364388
0.468925
0.364388
0.851058
0.078971
0.805752
0.219903
0.607295
0.218100
0.551785
0.381222
0.494871
0.329745
0.468925
0.199779
0.022179
0.443672
0.203341
0.524622
0.049752
0.673945
0.186038
0.398537
0.833382
0.123878
0.223749
0.666913
0.265165
0.878757
0.544950
0.488323
0.314483
0.687978
0.999213
0.970039
0.901437
0.013087
0.687978
0.839356
0.910872
0.356298
0.808743
0.140030
0.210617
0.919848
0.652832
0.165451
0.760042
0.746548
0.739743
0.586333
0.856782
0.462545
0.739743
0.016414
0.624665
0.851058
0.705254
0.084666
0.475349
0.186038
0.501457
0.192809
0.468925
0.285477
0.481816
0.514742
0.033231
0.189398
0.856782
