0.324601
0.915418
0.753315
0.617636
0.600293
0.666913
0.056388
0.280840
0.072841
0.928349
0.106169
0.153709
0.243777
0.586333
0.392713
0.369946
0.593305
0.514742
0.035815
0.285477
0.786488
0.760042
0.235604
0.052975
0.119225
0.404413
0.638743
0.928349
0.719131
0.779952
0.955720
0.786488
0.462545
0.462545
0.203341
0.196269
0.746548
0.544950
0.065784
0.565535
0.494871
0.645787
0.381222
0.199779
0.481816
0.551785
0.020293
0.294921
0.572447
0.056388
0.964698
0.304589
0.845248
0.856782
0.910872
0.928349
0.276259
0.105194
0.294921
0.766726
0.746548
0.358886
0.760042
0.001694
0.773363
0.428427
0.862416
0.076579
0.003944
0.614310
0.891559
0.821206
0.050806
0.558648
0.494871
0.106169
0.645787
0.766726
0.456208
0.340199
0.123878
0.638743
0.252167
0.915418
0.760042
0.005492
0.449917
0.659874
0.210617
0.910872
0.645787
0.964698
0.779952
0.958842
0.694975
0.290171
0.600293
0.137423
0.162447
0.666913
