0.786488
0.076579
0.558648
0.708915
0.319514
0.980148
0.375557
0.614310
0.739743
0.114725
0.746548
0.106169
0.035052
0.919848
0.133656
0.572447
0.381222
0.980148
0.210617
0.928349
0.739743
0.235604
0.901437
0.013389
0.150886
0.680967
0.042491
0.680967
0.192809
0.035815
0.739743
0.192809
0.586333
0.416320
0.915418
0.621335
0.970039
0.131151
0.116956
0.586333
0.108254
0.299727
0.792968
0.551785
0.558648
0.386941
0.712205
0.025028
0.381222
0.345510
0.210617
0.551785
0.106169
0.910872
0.189398
0.773363
0.174743
0.992290
0.856782
0.416320
0.786488
0.150886
0.449917
0.329745
0.992290
0.617636
0.358886
0.177934
0.462545
0.915418
0.862416
0.005758
0.208682
0.901437
0.392713
0.375557
0.000390
0.214332
0.593305
0.504591
0.531367
0.600293
0.753315
0.726032
0.119225
0.726032
0.001984
0.827331
0.105194
0.398537
0.462545
0.036592
0.739743
0.145372
0.274108
0.428427
0.666913
0.919848
0.416320
0.283274
