0.989919
0.137423
0.558648
0.827331
0.243777
0.449917
0.652832
0.572447
0.119225
0.235604
0.614310
0.528168
0.051880
0.666913
0.802412
0.631702
0.227647
0.551785
0.309508
0.851058
0.006179
0.468925
0.297443
0.792968
0.025028
0.856782
0.796018
0.375557
0.274108
0.851058
0.002887
0.319514
0.666913
0.652832
0.294921
0.047704
0.150886
0.367306
0.551785
0.845248
0.106169
0.753315
0.645787
0.006787
0.906211
0.329745
0.297443
0.099199
0.364388
0.114725
0.456208
0.481816
0.694975
0.035052
0.353438
0.446953
0.538143
0.833382
0.419169
0.856782
0.029816
0.652832
0.494871
0.760042
0.456208
0.051880
0.084666
0.216111
0.572447
0.808743
0.919848
0.353438
0.593305
0.538143
0.652832
0.845248
0.309508
0.715853
0.088109
0.108254
0.551785
0.645787
0.056388
0.381222
0.586333
0.440730
0.260777
0.116956
0.719131
0.449917
0.392713
0.508082
0.004184
0.705254
0.372892
0.796018
0.558648
0.035052
0.586333
0.041598
