0.896552
0.304589
0.551785
0.381222
0.896552
0.998300
0.631702
0.915418
0.839356
0.881257
0.517910
0.932418
0.786488
0.419169
0.148107
0.896552
0.896552
0.987120
0.299727
0.739743
0.961834
0.732903
0.808743
0.867958
0.475349
0.645787
0.276259
0.110374
0.753315
0.084666
0.443672
0.924159
0.593305
0.206953
0.610616
0.422349
0.910872
0.260777
0.624665
0.827331
0.364388
0.839356
0.896552
0.475349
0.538143
0.955720
0.056388
0.915418
0.026732
0.456208
0.565535
0.294921
0.919848
0.078138
0.551785
0.687978
0.514742
0.285477
0.851058
0.274108
0.821206
0.531367
0.701955
0.746548
0.186038
0.987120
0.572447
0.049752
0.544950
0.003584
0.910872
0.915418
0.624665
0.048718
0.294921
0.462545
0.304589
0.095372
0.891559
0.983870
0.906211
0.732903
0.915418
0.821206
0.719131
0.845248
0.967432
0.364388
0.235604
0.910872
0.112531
0.666913
0.098179
0.659874
0.967432
0.292664
0.358886
0.203341
0.494871
0.314483
