0.624665
0.673945
0.821206
0.972517
0.089877
0.989919
0.739743
0.206953
0.443672
0.792968
0.186038
0.422349
0.398537
0.666913
0.410341
0.638743
0.150886
0.896552
0.970039
0.029816
0.808743
0.475349
0.508082
0.153709
0.792968
0.579380
0.673945
0.369946
0.324601
0.392713
0.150886
0.093508
0.221921
0.958842
0.334944
0.773363
0.274108
0.856782
0.416320
0.624665
0.586333
0.891559
0.972517
0.235604
0.481816
0.189398
0.878757
0.052975
0.214332
0.501457
0.631702
0.199779
0.766726
0.116956
0.410341
0.192809
0.514742
0.494871
0.732903
0.600293
0.701955
0.410341
0.891559
0.196269
0.988575
0.600293
0.572447
0.572447
0.786488
0.694975
0.955720
0.867958
0.538143
0.061853
0.501457
0.189398
0.304589
0.862416
0.294921
0.924159
0.638743
0.992290
0.153709
0.558648
0.239663
0.607295
0.156577
0.867958
0.666913
0.150886
0.091676
0.488323
0.319514
0.121532
0.095372
0.410341
0.501457
0.732903
0.221921
0.701955
