0.171598
0.638743
0.680967
0.687978
0.579380
0.456208
0.687978
0.856782
0.035452
0.739743
0.614310
0.739743
0.673945
0.287941
0.851058
0.572447
0.538143
0.915418
0.600293
0.141419
0.071377
0.845248
0.708915
0.827331
0.839356
0.614310
0.746548
0.851058
0.799391
0.680967
0.369946
0.294921
0.280840
0.153709
0.952469
0.821206
0.239663
0.398537
0.239663
0.494871
0.949090
0.614310
0.839356
0.241822
0.294921
0.701955
0.964698
0.851058
0.488323
0.779952
0.753315
0.579380
0.687978
0.906211
0.443672
0.033573
0.029174
0.386941
0.449917
0.358886
0.572447
0.821206
0.845248
0.052975
0.488323
0.112531
0.839356
0.398537
0.732903
0.991157
0.779952
0.760042
0.760042
0.746548
0.983870
0.337426
0.324601
0.544950
0.607295
0.617636
0.708915
0.475349
0.087282
0.369946
0.694975
0.856782
0.851058
0.579380
0.928349
0.565535
0.673945
0.932418
0.475349
0.544950
0.031463
0.153709
0.896552
0.739743
0.437474
0.753315
