0.786488
0.250160
0.488323
0.010781
0.607295
0.302279
0.967432
0.108254
0.168501
0.856782
0.989919
0.501457
0.290171
0.600293
0.572447
0.701955
0.350877
0.367306
0.572447
0.060591
0.614310
0.924159
0.579380
0.760042
0.524622
0.265165
0.867958
0.779952
0.773363
0.964698
0.153709
0.053501
0.086372
0.873406
0.919848
0.231599
0.845248
0.673945
0.256445
0.786488
0.250160
0.579380
0.008270
0.218100
0.989919
0.856782
0.586333
0.624665
0.694975
0.910872
0.867958
0.786488
0.494871
0.182726
0.544950
0.076579
0.392713
0.924159
0.833382
0.631702
0.862416
0.998961
0.128687
0.964698
0.218100
0.856782
0.538143
0.169963
0.607295
0.302279
0.684290
0.964698
0.192809
0.558648
0.906211
0.051880
0.456208
0.089877
0.773363
0.152367
0.991157
0.108254
0.136202
0.998961
0.694975
0.488323
0.891559
0.340199
0.659874
0.928349
0.779952
0.856782
0.456208
0.048718
0.076579
0.040722
0.967432
0.565535
0.449917
0.593305
