0.851058
0.760042
0.666913
0.299727
0.334944
0.919848
0.851058
0.906211
0.524622
0.237734
0.345510
0.645787
0.652832
0.165451
0.746548
0.593305
0.839356
0.773363
0.915418
0.958842
0.375557
0.367306
0.165451
0.915418
0.821206
0.334944
0.827331
0.254412
0.833382
0.701955
0.839356
0.086372
0.680967
0.732903
0.726032
0.413167
0.361775
0.324601
0.565535
0.392713
0.851058
0.919848
0.375557
0.531367
0.514742
0.367306
0.753315
0.386941
0.304589
0.972517
0.345510
0.936363
0.851058
0.475349
0.039021
0.746548
0.410341
0.719131
0.186038
0.475349
0.345510
0.586333
0.061853
0.862416
0.987120
0.708915
0.924159
0.416320
0.116956
0.153709
0.631702
0.924159
0.252167
0.645787
0.919848
0.958842
0.348045
0.856782
0.319514
0.964698
0.773363
0.983870
0.462545
0.586333
0.118146
0.652832
0.839356
0.186038
0.779952
0.174743
0.708915
0.488323
0.833382
0.456208
0.565535
0.404413
0.712205
0.239663
0.247945
0.440730
