0.694975
0.456208
0.760042
0.961834
0.680967
0.739743
0.919848
0.753315
0.052975
0.068529
0.140030
0.453223
0.544950
0.538143
0.239663
0.375557
0.256445
0.915418
0.839356
0.607295
0.081343
0.324601
0.065784
0.779952
0.468925
0.358886
0.186038
0.524622
0.701955
0.488323
0.072841
0.867958
0.936363
0.600293
0.579380
0.593305
0.121532
0.392713
0.701955
0.701955
0.624665
0.862416
0.955720
0.165451
0.544950
0.285477
0.607295
0.964698
0.431323
0.069940
0.364388
0.558648
0.786488
0.481816
0.324601
0.600293
0.792968
0.779952
0.961834
0.023700
0.278663
0.252167
0.701955
0.121532
0.494871
0.468925
0.760042
0.910872
0.404413
0.428427
0.159489
0.437474
0.035052
0.337426
0.199779
0.839356
0.181174
0.652832
0.214332
0.624665
0.932418
0.732903
0.074331
0.309508
0.294921
0.058775
0.475349
0.624665
0.231599
0.381222
0.631702
0.694975
0.416320
0.314483
0.867958
0.521438
0.488323
0.680967
0.121532
0.593305
