0.998961
0.666913
0.142680
0.126262
0.989919
0.645787
0.712205
0.773363
0.687978
0.607295
0.334944
0.694975
0.773363
0.851058
0.638743
0.839356
0.856782
0.726032
0.531367
0.666913
0.614310
0.607295
0.673945
0.434555
0.673945
0.961834
0.369946
0.367306
0.687978
0.026732
0.600293
0.928349
0.600293
0.252167
0.586333
0.827331
0.126262
0.694975
0.024483
0.906211
0.928349
0.140030
0.199779
0.356298
0.024768
0.428427
0.928349
0.694975
0.488323
0.833382
0.475349
0.297443
0.353438
0.593305
0.924159
0.715853
0.645787
0.680967
0.821206
0.739743
0.687978
0.314483
0.462545
0.058775
0.071377
0.501457
0.514742
0.462545
0.572447
0.760042
0.189398
0.153709
0.086372
0.162447
0.938188
0.462545
0.851058
0.032520
0.915418
0.680967
0.617636
0.732903
0.528168
0.915418
0.350877
0.687978
0.779952
0.924159
0.659874
0.468925
0.361775
0.048718
0.773363
0.773363
0.715853
0.827331
0.218100
0.456208
0.119225
0.779952
