0.078138
0.910872
0.753315
0.915418
0.140030
0.565535
0.558648
0.593305
0.488323
0.544950
0.760042
0.340199
0.659874
0.133656
0.345510
0.060591
0.247945
0.666913
0.833382
0.508082
0.119225
0.901437
0.673945
0.422349
0.221921
0.314483
0.184463
0.142680
0.449917
0.142680
0.000139
0.521438
0.083868
0.131151
0.617636
0.089877
0.906211
0.462545
0.896552
0.059353
0.910872
0.915418
0.919848
0.799391
0.617636
0.334944
0.680967
0.324601
0.508082
0.766726
0.319514
0.364388
0.443672
0.005239
0.210617
0.194624
0.694975
0.425222
0.572447
0.827331
0.645787
0.443672
0.955720
0.624665
0.805752
0.792968
0.932418
0.919848
0.896552
0.827331
0.779952
0.142680
0.283274
0.551785
0.032520
0.579380
0.329745
0.766726
0.134857
0.468925
0.673945
0.851058
0.229720
0.617636
0.779952
0.481816
0.481816
0.105194
0.488323
0.260777
0.375557
0.358886
0.000257
0.329745
0.312119
0.131151
0.358886
0.398537
0.116956
0.827331
