0.182726
0.375557
0.260777
0.779952
0.437474
0.746548
0.572447
0.773363
0.119225
0.334944
0.017169
0.369946
0.501457
0.531367
0.766726
0.337426
0.955720
0.410341
0.159489
0.910872
0.023183
0.199779
0.000466
0.988575
0.786488
0.617636
0.652832
0.919848
0.952469
0.353438
0.799391
0.488323
0.572447
0.558648
0.638743
0.773363
0.292664
0.827331
0.375557
0.182726
0.309508
0.314483
0.508082
0.243777
0.856782
0.680967
0.047704
0.856782
0.386941
0.910872
0.186038
0.910872
0.386941
0.638743
0.416320
0.075850
0.659874
0.773363
0.309508
0.508082
0.666913
0.294921
0.475349
0.617636
0.873406
0.108254
0.182726
0.558648
0.873406
0.148107
0.324601
0.381222
0.726032
0.443672
0.815009
0.719131
0.970039
0.076579
0.524622
0.652832
0.462545
0.514742
0.028545
0.586333
0.138790
0.014333
0.915418
0.475349
0.739743
0.631702
0.910872
0.645787
0.645787
0.350877
0.256445
0.666913
0.856782
0.638743
0.274108
0.687978
