0.186038
0.297443
0.265165
0.221921
0.239663
0.628368
0.766726
0.210617
0.645787
0.558648
0.481816
0.309508
0.833382
0.851058
0.961834
0.140030
0.488323
0.607295
0.924159
0.203341
0.239663
0.961834
0.579380
0.821206
0.856782
0.845248
0.821206
0.260777
0.851058
0.422349
0.334944
0.437474
0.017353
0.369946
0.607295
0.687978
0.961834
0.381222
0.766726
0.456208
0.428427
0.269609
0.138790
0.002241
0.910872
0.551785
0.760042
0.645787
0.214332
0.915418
0.035815
0.708915
0.319514
0.356298
0.381222
0.000238
0.084666
0.760042
0.356298
0.579380
0.624665
0.766726
0.468925
0.862416
0.753315
0.694975
0.659874
0.126262
0.624665
0.475349
0.137423
0.369946
0.225794
0.416320
0.036592
0.572447
0.915418
0.425222
0.544950
0.708915
0.680967
0.514742
0.285477
0.579380
0.558648
0.475349
0.906211
0.851058
0.958842
0.231599
0.873406
0.659874
0.440730
0.638743
0.003374
0.369946
0.652832
0.621335
0.924159
0.449917
