0.614310
0.462545
0.084666
0.475349
0.434555
0.815009
0.544950
0.565535
0.348045
0.304589
0.958842
0.961834
0.353438
0.314483
0.659874
0.621335
0.753315
0.638743
0.565535
0.456208
0.276259
0.468925
0.961834
0.364388
0.949090
0.398537
0.773363
0.827331
0.910872
0.558648
0.372892
0.219903
0.227647
0.873406
0.016048
0.680967
0.410341
0.145372
0.214332
0.372892
0.558648
0.061853
0.475349
0.456208
0.081343
0.988575
0.915418
0.035815
0.565535
0.673945
0.319514
0.821206
0.998961
0.422349
0.199779
0.353438
0.753315
0.116956
0.488323
0.078971
0.579380
0.329745
0.839356
0.701955
0.958842
0.659874
0.970039
0.231599
0.456208
0.961834
0.422349
0.173082
0.231599
0.659874
0.174743
0.443672
0.488323
0.572447
0.628368
0.955720
0.348045
0.481816
0.833382
0.018560
0.906211
0.999417
0.443672
0.381222
0.579380
0.851058
0.821206
0.910872
0.334944
0.481816
0.173082
0.392713
0.196269
0.680967
0.398537
0.501457
