0.687978
0.991157
0.189398
0.049752
0.919848
0.856782
0.624665
0.005624
0.881257
0.299727
0.517910
0.992290
0.760042
0.177934
0.093508
0.967432
0.961834
0.572447
0.003803
0.381222
0.712205
0.239663
0.462545
0.964698
0.350877
0.091676
0.673945
0.129849
0.449917
0.084666
0.404413
0.235604
0.035815
0.701955
0.955720
0.579380
0.166890
0.456208
0.701955
0.494871
0.998961
0.091676
0.084666
0.517910
0.142680
0.726032
0.833382
0.766726
0.168501
0.404413
0.732903
0.129849
0.364388
0.468925
0.958842
0.000135
0.035452
0.896552
0.786488
0.875953
0.058138
0.919848
0.867958
0.652832
0.032152
0.867958
0.314483
0.123878
0.419169
0.196269
0.005492
0.468925
0.449917
0.687978
0.231599
0.856782
0.680967
0.212370
0.786488
0.915418
0.252167
0.036592
0.437474
0.227647
0.624665
0.839356
0.839356
0.334944
0.033231
0.985553
0.042921
0.456208
0.153709
0.659874
0.129849
0.229720
0.958842
0.851058
0.290171
0.129849
