0.410341
0.514742
0.551785
0.760042
0.494871
0.600293
0.116956
0.919848
0.906211
0.182726
0.064449
0.766726
0.628368
0.833382
0.192809
0.265165
0.494871
0.593305
0.705254
0.851058
0.416320
0.040268
0.659874
0.422349
0.873406
0.231599
0.766726
0.203341
0.873406
0.210617
0.000769
0.428427
0.739743
0.558648
0.488323
0.839356
0.687978
0.558648
0.753315
0.265165
0.292664
0.565535
0.631702
0.932418
0.231599
0.517910
0.746548
0.528168
0.404413
0.531367
0.256445
0.614310
0.753315
0.003417
0.095372
0.586333
0.610616
0.989919
0.404413
0.773363
0.773363
0.821206
0.621335
0.369946
0.891559
0.896552
0.808743
0.964698
0.991157
0.638743
0.504591
0.999417
0.069940
0.845248
0.558648
0.886460
0.018980
0.173082
0.404413
0.521438
0.652832
0.821206
0.867958
0.063139
0.035052
0.551785
0.541722
0.673945
0.364388
0.156577
0.614310
0.398537
0.006476
0.159489
0.687978
0.712205
0.558648
0.488323
0.773363
0.410341
