0.802412
0.404413
0.910872
0.174743
0.624665
0.097269
0.856782
0.404413
0.040722
0.955720
0.910872
0.025584
0.392713
0.955720
0.753315
0.456208
0.896552
0.404413
0.862416
0.274108
0.039021
0.906211
0.952469
0.061853
0.324601
0.726032
0.856782
0.514742
0.342708
0.680967
0.022675
0.086372
0.652832
0.952469
0.964698
0.381222
0.449917
0.297443
0.153709
0.705254
0.494871
0.753315
0.428427
0.048718
0.659874
0.381222
0.449917
0.006035
0.746548
0.579380
0.572447
0.565535
0.901437
0.171598
0.015340
0.538143
0.726032
0.666913
0.666913
0.739743
0.572447
0.012947
0.766726
0.329745
0.638743
0.531367
0.985553
0.593305
0.873406
0.544950
0.468925
0.915418
0.148107
0.845248
0.192809
0.746548
0.449917
0.827331
0.544950
0.398537
0.565535
0.799391
0.011032
0.991157
0.891559
0.247945
0.110374
0.910872
0.753315
0.753315
0.404413
0.443672
0.046246
0.068529
0.712205
0.638743
0.910872
0.958842
0.392713
0.551785
