0.304589
0.746548
0.181174
0.367306
0.027324
0.851058
0.356298
0.521438
0.106169
0.600293
0.673945
0.468925
0.988575
0.153709
0.786488
0.652832
0.068529
0.404413
0.694975
0.600293
0.037386
0.851058
0.319514
0.833382
0.985553
0.398537
0.786488
0.203341
0.856782
0.760042
0.462545
0.753315
0.645787
0.732903
0.786488
0.231599
0.955720
0.851058
0.645787
0.299727
0.538143
0.607295
0.367306
0.739743
0.039863
0.924159
0.039863
0.915418
0.294921
0.928349
0.334944
0.265165
0.652832
0.845248
0.845248
0.524622
0.773363
0.091676
0.329745
0.437474
0.753315
0.998659
0.624665
0.319514
0.210617
0.041598
0.958842
0.773363
0.309508
0.309508
0.416320
0.285477
0.680967
0.624665
0.739743
0.060002
0.666913
0.334944
0.051880
0.538143
0.514742
0.297443
0.739743
0.055229
0.856782
0.186038
0.964698
0.364388
0.867958
0.269609
0.766726
0.645787
0.773363
0.652832
0.739743
0.766726
0.645787
0.494871
0.517910
0.961834
