0.901437
0.416320
0.652832
0.739743
0.833382
0.269609
0.746548
0.517910
0.617636
0.789564
0.862416
0.031141
0.462545
0.340199
0.862416
0.544950
0.156577
0.607295
0.906211
0.125002
0.998961
0.294921
0.150886
0.851058
0.666913
0.621335
0.958842
0.410341
0.416320
0.392713
0.773363
0.392713
0.404413
0.076579
0.036592
0.961834
0.701955
0.112531
0.915418
0.827331
0.494871
0.565535
0.949090
0.033573
0.891559
0.565535
0.319514
0.961834
0.766726
0.701955
0.955720
0.593305
0.398537
0.766726
0.773363
0.123878
0.531367
0.013389
0.199779
0.970039
0.150886
0.345510
0.901437
0.449917
0.739743
0.511232
0.910872
0.434555
0.106169
0.687978
0.645787
0.369946
0.666913
0.375557
0.319514
0.600293
0.299727
0.269609
0.833382
0.128687
0.579380
0.808743
0.337426
0.949090
0.392713
0.075850
0.833382
0.078971
0.600293
0.833382
0.600293
0.159489
0.779952
0.680967
0.093508
0.821206
0.003625
0.558648
0.773363
0.189398
