0.673945
0.140030
0.698284
0.449917
0.666913
0.227647
0.698284
0.290171
0.153709
0.766726
0.026732
0.845248
0.235604
0.673945
0.586333
0.753315
0.304589
0.732903
0.511232
0.404413
0.437474
0.089877
0.309508
0.732903
0.392713
0.398537
0.392713
0.488323
0.541722
0.680967
0.928349
0.821206
0.309508
0.375557
0.165451
0.579380
0.256445
0.694975
0.237734
0.760042
0.065784
0.358886
0.443672
0.381222
0.381222
0.026732
0.967432
0.192809
0.906211
0.673945
0.042491
0.221921
0.221921
0.694975
0.319514
0.845248
0.014661
0.666913
0.919848
0.915418
0.924159
0.521438
0.521438
0.162447
0.989919
0.862416
0.551785
0.726032
0.299727
0.019846
0.265165
0.265165
0.531367
0.680967
0.404413
0.049752
0.760042
0.593305
0.753315
0.189398
0.796018
0.290171
0.247945
0.468925
0.110374
0.392713
0.386941
0.732903
0.673945
0.494871
0.345510
0.521438
0.862416
0.910872
0.572447
0.019408
0.753315
0.340199
0.673945
0.256445
