0.437474
0.019846
0.851058
0.851058
0.150886
0.108254
0.964698
0.851058
0.726032
0.292664
0.694975
0.218100
0.364388
0.766726
0.955720
0.802412
0.148107
0.108254
0.967432
0.766726
0.726032
0.233700
0.593305
0.319514
0.579380
0.739743
0.815009
0.294921
0.269609
0.680967
0.488323
0.145372
0.015340
0.862416
0.324601
0.199779
0.494871
0.036592
0.856782
0.726032
0.009833
0.867958
0.851058
0.815009
0.708915
0.928349
0.334944
0.631702
0.792968
0.189398
0.106169
0.392713
0.181174
0.252167
0.732903
0.638743
0.386941
0.805752
0.517910
0.221921
0.304589
0.386941
0.659874
0.680967
0.386941
0.607295
0.168501
0.906211
0.708915
0.666913
0.544950
0.961834
0.970039
0.719131
0.364388
0.428427
0.565535
0.148107
0.821206
0.025584
0.773363
0.845248
0.726032
0.514742
0.694975
0.265165
0.309508
0.687978
0.739743
0.705254
0.150886
0.356298
0.468925
0.243777
0.008867
0.551785
0.528168
0.010781
0.694975
0.153709
