0.593305
0.416320
0.494871
0.494871
0.779952
0.666913
0.046246
0.910872
0.468925
0.104120
0.517910
0.271733
0.607295
0.715853
0.919848
0.607295
0.915418
0.593305
0.099199
0.839356
0.304589
0.140030
0.596613
0.235604
0.521438
0.779952
0.779952
0.712205
0.572447
0.256445
0.565535
0.437474
0.808743
0.558648
0.666913
0.659874
0.431323
0.833382
0.475349
0.600293
0.410341
0.862416
0.565535
0.949090
0.369946
0.712205
0.212370
0.508082
0.361775
0.753315
0.680967
0.304589
0.901437
0.023183
0.833382
0.342708
0.252167
0.638743
0.862416
0.998659
0.511232
0.309508
0.873406
0.237734
0.012222
0.036592
0.827331
0.392713
0.645787
0.845248
0.153709
0.579380
0.156577
0.514742
0.766726
0.614310
0.372892
0.867958
0.514742
0.773363
0.340199
0.199779
0.815009
0.038195
0.617636
0.419169
0.398537
0.715853
0.845248
0.773363
0.065784
0.924159
0.067143
0.392713
0.603608
0.375557
0.988575
0.786488
0.645787
0.517910
