0.105194
0.958842
0.462545
0.739743
0.422349
0.955720
0.309508
0.375557
0.369946
0.607295
0.488323
0.964698
0.659874
0.565535
0.833382
0.022179
0.329745
0.827331
0.112531
0.067143
0.967432
0.593305
0.278663
0.739743
0.652832
0.851058
0.760042
0.042921
0.456208
0.508082
0.386941
0.456208
0.839356
0.449917
0.673945
0.245964
0.239663
0.061853
0.126262
0.058775
0.910872
0.839356
0.443672
0.299727
0.593305
0.329745
0.694975
0.089877
0.673945
0.732903
0.086372
0.299727
0.586333
0.851058
0.631702
0.353438
0.760042
0.766726
0.862416
0.297443
0.017353
0.488323
0.309508
0.045735
0.964698
0.919848
0.075850
0.919848
0.271733
0.252167
0.051880
0.000828
0.392713
0.481816
0.375557
0.039021
0.821206
0.260777
0.283274
0.845248
0.392713
0.802412
0.089877
0.773363
0.410341
0.779952
0.732903
0.586333
0.896552
0.050806
0.544950
0.565535
0.274108
0.524622
0.443672
0.753315
0.579380
0.586333
0.302279
0.094387
