0.856782
0.766726
0.014011
0.558648
0.680967
0.481816
0.173082
0.404413
0.867958
0.162447
0.314483
0.269609
0.638743
0.462545
0.839356
0.607295
0.766726
0.114725
0.108254
0.361775
0.851058
0.256445
0.398537
0.055229
0.375557
0.680967
0.949090
0.494871
0.867958
0.437474
0.928349
0.987120
0.856782
0.334944
0.896552
0.531367
0.673945
0.514742
0.919848
0.928349
0.839356
0.026152
0.558648
0.607295
0.345510
0.119225
0.398537
0.544950
0.015690
0.586333
0.404413
0.329745
0.992290
0.652832
0.958842
0.919848
0.521438
0.949090
0.901437
0.886460
0.932418
0.786488
0.739743
0.340199
0.760042
0.708915
0.924159
0.551785
0.091676
0.760042
0.739743
0.673945
0.165451
0.404413
0.719131
0.274108
0.340199
0.269609
0.786488
0.746548
0.108254
0.659874
0.701955
0.600293
0.051880
0.488323
0.375557
0.462545
0.680967
0.673945
0.494871
0.998961
0.314483
0.987120
0.919848
0.521438
0.833382
0.955720
0.524622
0.600293
