0.586333
0.001462
0.708915
0.708915
0.386941
0.063139
0.521438
0.867958
0.106169
0.862416
0.680967
0.732903
0.928349
0.746548
0.504591
0.314483
0.375557
0.091676
0.701955
0.773363
0.017747
0.792968
0.072841
0.766726
0.851058
0.538143
0.327031
0.593305
0.915418
0.134857
0.475349
0.446953
0.060591
0.239663
0.309508
0.501457
0.910872
0.856782
0.551785
0.593305
0.000522
0.786488
0.708915
0.064449
0.206953
0.753315
0.243777
0.600293
0.821206
0.084666
0.551785
0.970039
0.007361
0.845248
0.508082
0.392713
0.082990
0.462545
0.551785
0.773363
0.992290
0.988575
0.416320
0.983870
0.808743
0.773363
0.760042
0.867958
0.199779
0.544950
0.680967
0.799391
0.753315
0.544950
0.753315
0.243777
0.551785
0.121532
0.862416
0.104120
0.856782
0.708915
0.186038
0.206953
0.961834
0.243777
0.799391
0.827331
0.353438
0.235604
0.856782
0.176249
0.910872
0.218100
0.659874
0.027324
0.456208
0.638743
0.862416
0.410341
