0.002241
0.701955
0.856782
0.294921
0.000400
0.428427
0.673945
0.511232
0.381222
0.367306
0.808743
0.851058
0.989919
0.386941
0.514742
0.468925
0.006035
0.773363
0.694975
0.712205
0.449917
0.621335
0.538143
0.659874
0.468925
0.924159
0.593305
0.544950
0.558648
0.928349
0.511232
0.867958
0.964698
0.558648
0.511232
0.128687
0.967432
0.856782
0.468925
0.000146
0.694975
0.687978
0.443672
0.069940
0.131151
0.910872
0.398537
0.906211
0.309508
0.302279
0.004184
0.739743
0.992290
0.189398
0.967432
0.673945
0.097269
0.443672
0.449917
0.416320
0.845248
0.967432
0.290171
0.031463
0.119225
0.600293
0.839356
0.766726
0.805752
0.673945
0.551785
0.514742
0.873406
0.386941
0.739743
0.851058
0.760042
0.119225
0.000591
0.786488
0.680967
0.531367
0.375557
0.773363
0.256445
0.915418
0.833382
0.468925
0.534929
0.538143
0.624665
0.924159
0.544950
0.851058
0.967432
0.673945
0.719131
0.294921
0.501457
0.856782
