0.369946
0.666913
0.708915
0.970039
0.252167
0.260777
0.786488
0.766726
0.223749
0.446953
0.753315
0.786488
0.176249
0.488323
0.808743
0.739743
0.162447
0.652832
0.786488
0.386941
0.443672
0.221921
0.786488
0.862416
0.114725
0.369946
0.659874
0.013389
0.206953
0.531367
0.012655
0.881257
0.792968
0.324601
0.638743
0.150886
0.579380
0.186038
0.621335
0.369946
0.475349
0.792968
0.928349
0.060591
0.614310
0.845248
0.779952
0.108254
0.779952
0.020750
0.239663
0.624665
0.192809
0.028545
0.210617
0.906211
0.334944
0.924159
0.227647
0.475349
0.150886
0.334944
0.833382
0.422349
0.958842
0.928349
0.069940
0.680967
0.910872
0.645787
0.726032
0.687978
0.773363
0.645787
0.666913
0.026732
0.404413
0.856782
0.285477
0.494871
0.278663
0.970039
0.108254
0.422349
0.753315
0.856782
0.114725
0.171598
0.941949
0.381222
0.005624
0.456208
0.008663
0.845248
0.753315
0.162447
0.593305
0.081343
0.260777
0.069940
