0.673945
0.210617
0.150886
0.910872
0.839356
0.862416
0.381222
0.538143
0.247945
0.673945
0.617636
0.072841
0.851058
0.827331
0.719131
0.701955
0.666913
0.987120
0.269609
0.137423
0.269609
0.845248
0.712205
0.041598
0.915418
0.732903
0.314483
0.694975
0.924159
0.593305
0.168501
0.586333
0.422349
0.398537
0.364388
0.551785
0.621335
0.565535
0.544950
0.919848
0.404413
0.067143
0.766726
0.631702
0.961834
0.551785
0.199779
0.753315
0.958842
0.952469
0.760042
0.694975
0.851058
0.428427
0.906211
0.440730
0.386941
0.659874
0.821206
0.356298
0.961834
0.218100
0.481816
0.586333
0.334944
0.239663
0.673945
0.072841
0.159489
0.040722
0.970039
0.705254
0.119225
0.572447
0.440730
0.680967
0.353438
0.607295
0.760042
0.919848
0.456208
0.659874
0.119225
0.652832
0.645787
0.052975
0.910872
0.833382
0.906211
0.558648
0.932418
0.508082
0.607295
0.462545
0.283274
0.481816
0.375557
0.456208
0.356298
0.324601
