0.375557
0.145372
0.375557
0.851058
0.645787
0.544950
0.739743
0.680967
0.766726
0.056945
0.753315
0.008465
0.058775
0.000207
0.739743
0.141419
0.827331
0.364388
0.753315
0.766726
0.544950
0.271733
0.593305
0.014661
0.184463
0.001048
0.210617
0.708915
0.851058
0.862416
0.488323
0.631702
0.919848
0.449917
0.856782
0.732903
0.906211
0.572447
0.114725
0.294921
0.068529
0.150886
0.760042
0.967432
0.060591
0.375557
0.182726
0.701955
0.000006
0.666913
0.434555
0.269609
0.862416
0.673945
0.827331
0.955720
0.821206
0.915418
0.501457
0.443672
0.989919
0.915418
0.134857
0.528168
0.475349
0.165451
0.443672
0.227647
0.369946
0.906211
0.443672
0.126262
0.862416
0.299727
0.012655
0.551785
0.314483
0.404413
0.392713
0.652832
0.437474
0.919848
0.579380
0.223749
0.369946
0.015340
0.287941
0.000006
0.915418
0.345510
0.924159
0.593305
0.579380
0.558648
0.901437
0.544950
0.851058
0.919848
0.891559
0.988575
