0.610616
0.952469
0.972517
0.440730
0.705254
0.732903
0.972517
0.428427
0.766726
0.915418
0.924159
0.088109
0.186038
0.314483
0.039021
0.924159
0.698284
0.558648
0.792968
0.265165
0.970039
0.851058
0.572447
0.910872
0.431323
0.089877
0.192809
0.260777
0.726032
0.896552
0.449917
0.967432
0.017169
0.808743
0.659874
0.186038
0.712205
0.329745
0.600293
0.617636
0.815009
0.972517
0.372892
0.827331
0.786488
0.915418
0.381222
0.299727
0.910872
0.142680
0.256445
0.631702
0.153709
0.176249
0.994262
0.119225
0.565535
0.958842
0.314483
0.081343
0.294921
0.422349
0.786488
0.386941
0.176249
0.652832
0.517910
0.970039
0.617636
0.247945
0.638743
0.833382
0.501457
0.958842
0.462545
0.229720
0.088109
0.072841
0.538143
0.952469
0.856782
0.534929
0.739743
0.862416
0.988575
0.247945
0.119225
0.392713
0.186038
0.069940
0.456208
0.726032
0.719131
0.673945
0.029174
0.919848
0.652832
0.544950
0.047704
0.231599
