0.020750
0.018980
0.786488
0.701955
0.276259
0.011288
0.924159
0.972517
0.364388
0.299727
0.038195
0.239663
0.128687
0.243777
0.018149
0.915418
0.072067
0.126262
0.924159
0.833382
0.358886
0.067143
0.247945
0.773363
0.196269
0.145372
0.166890
0.121532
0.453223
0.531367
0.071377
0.673945
0.256445
0.011549
0.964698
0.086372
0.732903
0.342708
0.144091
0.108254
0.014011
0.708915
0.867958
0.808743
0.381222
0.285477
0.119225
0.766726
0.531367
0.064449
0.108254
0.600293
0.845248
0.018980
0.792968
0.845248
0.392713
0.955720
0.364388
0.652832
0.783054
0.131151
0.494871
0.786488
0.082990
0.821206
0.833382
0.422349
0.517910
0.020750
0.551785
0.708915
0.274108
0.488323
0.851058
0.991157
0.449917
0.051880
0.114725
0.104120
0.779952
0.972517
0.369946
0.638743
0.034305
0.381222
0.131151
0.243777
0.299727
0.034305
0.334944
0.760042
0.140030
0.501457
0.666913
0.074331
0.192809
0.231599
0.475349
0.425222
