0.998659
0.856782
0.488323
0.856782
0.468925
0.856782
0.165451
0.839356
0.538143
0.203341
0.958842
0.851058
0.456208
0.468925
0.449917
0.153709
0.551785
0.708915
0.565535
0.299727
0.732903
0.210617
0.910872
0.558648
0.833382
0.153709
0.381222
0.334944
0.153709
0.214332
0.048718
0.558648
0.481816
0.652832
0.919848
0.095372
0.773363
0.624665
0.043403
0.958842
0.766726
0.779952
0.673945
0.358886
0.551785
0.572447
0.746548
0.456208
0.203341
0.998659
0.475349
0.428427
0.456208
0.039021
0.468925
0.462545
0.369946
0.508082
0.600293
0.075850
0.638743
0.839356
0.319514
0.521438
0.856782
0.243777
0.109365
0.760042
0.083868
0.067143
0.726032
0.551785
0.528168
0.766726
0.760042
0.891559
0.294921
0.856782
0.906211
0.673945
0.607295
0.398537
0.358886
0.199779
0.991157
0.955720
0.659874
0.544950
0.551785
0.203341
0.233700
0.114725
0.324601
0.192809
0.739743
0.456208
0.766726
0.786488
0.126262
0.958842
