0.732903
0.008867
0.856782
0.970039
0.443672
0.022675
0.786488
0.994262
0.680967
0.726032
0.063139
0.036592
0.593305
0.989919
0.324601
0.862416
0.142680
0.074331
0.992290
0.766726
0.694975
0.353438
0.705254
0.037386
0.701955
0.851058
0.746548
0.108254
0.687978
0.334944
0.924159
0.494871
0.047704
0.116956
0.203341
0.531367
0.437474
0.952469
0.056388
0.958842
0.020293
0.501457
0.786488
0.334944
0.901437
0.617636
0.047704
0.404413
0.961834
0.206953
0.851058
0.299727
0.274108
0.839356
0.851058
0.012655
0.617636
0.006326
0.119225
0.112531
0.531367
0.410341
0.437474
0.494871
0.631702
0.698284
0.827331
0.673945
0.821206
0.104120
0.446953
0.856782
0.964698
0.057570
0.991157
0.833382
0.334944
0.314483
0.116956
0.036592
0.786488
0.993324
0.501457
0.645787
0.108254
0.027324
0.753315
0.970039
0.386941
0.673945
0.114725
0.274108
0.989919
0.488323
0.314483
0.106169
0.119225
0.192809
0.631702
0.624665
