0.521438
0.715853
0.821206
0.004997
0.241822
0.428427
0.538143
0.023949
0.924159
0.203341
0.687978
0.652832
0.179463
0.614310
0.386941
0.687978
0.287941
0.416320
0.796018
0.061853
0.851058
0.265165
0.694975
0.659874
0.179463
0.862416
0.314483
0.856782
0.475349
0.773363
0.687978
0.034305
0.119225
0.274108
0.919848
0.150886
0.517910
0.260777
0.501457
0.786488
0.378532
0.443672
0.007361
0.845248
0.572447
0.422349
0.475349
0.294921
0.873406
0.989919
0.206953
0.856782
0.247945
0.475349
0.265165
0.299727
0.309508
0.964698
0.919848
0.176249
0.901437
0.329745
0.171598
0.680967
0.808743
0.269609
0.290171
0.719131
0.256445
0.416320
0.497986
0.375557
0.392713
0.260777
0.443672
0.121532
0.329745
0.845248
0.404413
0.118146
0.624665
0.032152
0.970039
0.199779
0.722767
0.544950
0.235604
0.687978
0.919848
0.468925
0.687978
0.638743
0.673945
0.256445
0.029174
0.192809
0.919848
0.851058
0.061853
0.645787
