0.739743
0.294921
0.607295
0.845248
0.712205
0.746548
0.862416
0.961834
0.799391
0.223749
0.508082
0.673945
0.565535
0.110374
0.019408
0.247945
0.617636
0.309508
0.701955
0.964698
0.488323
0.189398
0.292664
0.551785
0.891559
0.182726
0.145372
0.126262
0.873406
0.600293
0.381222
0.049260
0.210617
0.652832
0.739743
0.551785
0.189398
0.156577
0.928349
0.392713
0.815009
0.928349
0.659874
0.701955
0.088109
0.652832
0.287941
0.896552
0.088109
0.524622
0.148107
0.779952
0.694975
0.586333
0.165451
0.508082
0.386941
0.746548
0.901437
0.488323
0.004602
0.468925
0.680967
0.773363
0.210617
0.856782
0.462545
0.145372
0.645787
0.345510
0.839356
0.652832
0.949090
0.726032
0.833382
0.416320
0.673945
0.851058
0.821206
0.456208
0.851058
0.919848
0.867958
0.086372
0.839356
0.440730
0.827331
0.182726
0.148107
0.114725
0.508082
0.687978
0.416320
0.072841
0.062527
0.645787
0.666913
0.462545
0.766726
0.023183
