0.045735
0.378532
0.475349
0.422349
0.000284
0.302279
0.494871
0.199779
0.431323
0.856782
0.231599
0.967432
0.271733
0.928349
0.443672
0.045735
0.329745
0.701955
0.851058
0.114725
0.732903
0.901437
0.462545
0.901437
0.235604
0.964698
0.443672
0.329745
0.924159
0.265165
0.381222
0.422349
0.964698
0.106169
0.544950
0.206953
0.961834
0.624665
0.501457
0.437474
0.434555
0.398537
0.593305
0.100125
0.851058
0.235604
0.967432
0.290171
0.074331
0.998659
0.081343
0.302279
0.386941
0.779952
0.565535
0.488323
0.004184
0.760042
0.196269
0.572447
0.182726
0.988575
0.422349
0.361775
0.867958
0.398537
0.915418
0.867958
0.468925
0.329745
0.353438
0.239663
0.372892
0.687978
0.631702
0.753315
0.867958
0.827331
0.001574
0.708915
0.673945
0.593305
0.129849
0.972517
0.364388
0.989919
0.952469
0.199779
0.949090
0.108254
0.621335
0.468925
0.607295
0.386941
0.766726
0.638743
0.375557
0.381222
0.392713
0.891559
