0.712205
0.845248
0.862416
0.862416
0.176249
0.600293
0.779952
0.680967
0.283274
0.179463
0.760042
0.386941
0.319514
0.821206
0.121532
0.572447
0.231599
0.862416
0.873406
0.171598
0.340199
0.285477
0.324601
0.739743
0.150886
0.988575
0.123878
0.440730
0.345510
0.538143
0.369946
0.856782
0.356298
0.928349
0.381222
0.314483
0.049752
0.159489
0.593305
0.048718
0.746548
0.936363
0.673945
0.862416
0.364388
0.579380
0.538143
0.753315
0.910872
0.475349
0.673945
0.799391
0.256445
0.949090
0.156577
0.701955
0.994262
0.856782
0.631702
0.766726
0.010062
0.233700
0.624665
0.910872
0.839356
0.558648
0.456208
0.687978
0.223749
0.348045
0.358886
0.488323
0.093508
0.915418
0.372892
0.324601
0.773363
0.906211
0.247945
0.739743
0.701955
0.851058
0.046246
0.192809
0.475349
0.531367
0.586333
0.304589
0.162447
0.586333
0.416320
0.565535
0.638743
0.652832
0.292664
0.422349
0.915418
0.319514
0.252167
0.013389
