0.558648
0.652832
0.964698
0.600293
0.652832
0.040722
0.666913
0.607295
0.739743
0.792968
0.680967
0.666913
0.468925
0.779952
0.919848
0.652832
0.565535
0.086372
0.919848
0.494871
0.924159
0.708915
0.666913
0.773363
0.252167
0.967432
0.753315
0.938188
0.052975
0.119225
0.428427
0.910872
0.862416
0.631702
0.694975
0.141419
0.779952
0.802412
0.446953
0.456208
0.753315
0.955720
0.521438
0.901437
0.528168
0.961834
0.410341
0.645787
0.278663
0.488323
0.294921
0.084666
0.919848
0.468925
0.046246
0.760042
0.839356
0.910872
0.514742
0.621335
0.531367
0.680967
0.462545
0.910872
0.987120
0.614310
0.862416
0.364388
0.008867
0.243777
0.290171
0.042921
0.645787
0.856782
0.358886
0.329745
0.428427
0.833382
0.481816
0.972517
0.011288
0.607295
0.652832
0.799391
0.964698
0.666913
0.468925
0.593305
0.992290
0.739743
0.014333
0.915418
0.031141
0.600293
0.999213
0.398537
0.481816
0.136202
0.440730
0.985553
