0.140030
0.906211
0.398537
0.586333
0.176249
0.659874
0.572447
0.999213
0.102105
0.896552
0.732903
0.673945
0.572447
0.666913
0.726032
0.069940
0.468925
0.839356
0.988575
0.739743
0.425222
0.952469
0.739743
0.915418
0.652832
0.468925
0.760042
0.086372
0.456208
0.381222
0.766726
0.760042
0.851058
0.739743
0.652832
0.856782
0.600293
0.350877
0.150886
0.952469
0.243777
0.091676
0.501457
0.169963
0.631702
0.910872
0.746548
0.652832
0.766726
0.624665
0.839356
0.008663
0.544950
0.319514
0.792968
0.558648
0.456208
0.386941
0.214332
0.701955
0.565535
0.012655
0.967432
0.802412
0.521438
0.538143
0.309508
0.961834
0.446953
0.845248
0.896552
0.508082
0.891559
0.673945
0.416320
0.565535
0.558648
0.375557
0.084666
0.538143
0.666913
0.999417
0.219903
0.891559
0.901437
0.558648
0.746548
0.586333
0.719131
0.203341
0.239663
0.192809
0.659874
0.715853
0.468925
0.891559
0.652832
0.680967
0.607295
0.910872
