0.404413
0.434555
0.005364
0.579380
0.579380
0.434555
0.018149
0.256445
0.645787
0.340199
0.638743
0.528168
0.631702
0.026152
0.715853
0.481816
0.701955
0.572447
0.037386
0.462545
0.168501
0.488323
0.815009
0.586333
0.186038
0.753315
0.862416
0.449917
0.192809
0.579380
0.283274
0.025882
0.739743
0.760042
0.016048
0.142680
0.218100
0.915418
0.112531
0.171598
0.586333
0.014661
0.572447
0.631702
0.607295
0.456208
0.792968
0.901437
0.280840
0.694975
0.845248
0.047704
0.269609
0.845248
0.501457
0.111505
0.067143
0.052975
0.753315
0.551785
0.659874
0.572447
0.304589
0.673945
0.958842
0.544950
0.051880
0.058138
0.110374
0.428427
0.593305
0.705254
0.162447
0.446953
0.345510
0.531367
0.462545
0.294921
0.422349
0.919848
0.010536
0.128687
0.631702
0.233700
0.726032
0.607295
0.746548
0.078138
0.867958
0.760042
0.280840
0.214332
0.915418
0.034697
0.278663
0.732903
0.011817
0.565535
0.659874
0.199779
