0.631702
0.988575
0.896552
0.659874
0.475349
0.955720
0.732903
0.501457
0.739743
0.701955
0.760042
0.746548
0.987120
0.048718
0.659874
0.827331
0.746548
0.517910
0.862416
0.673945
0.659874
0.779952
0.760042
0.631702
0.290171
0.565535
0.631702
0.873406
0.182726
0.119225
0.579380
0.919848
0.572447
0.786488
0.732903
0.501457
0.652832
0.165451
0.544950
0.531367
0.839356
0.808743
0.579380
0.416320
0.845248
0.126262
0.964698
0.243777
0.000591
0.739743
0.666913
0.475349
0.802412
0.915418
0.856782
0.488323
0.967432
0.766726
0.659874
0.319514
0.856782
0.565535
0.712205
0.839356
0.260777
0.196269
0.886460
0.494871
0.766726
0.851058
0.919848
0.106169
0.600293
0.607295
0.910872
0.398537
0.531367
0.673945
0.821206
0.381222
0.732903
0.766726
0.766726
0.572447
0.579380
0.856782
0.732903
0.035815
0.833382
0.958842
0.687978
0.108254
0.123878
0.919848
0.766726
0.680967
0.856782
0.645787
0.404413
0.260777
