0.196269
0.416320
0.760042
0.645787
0.375557
0.508082
0.475349
0.565535
0.799391
0.449917
0.475349
0.805752
0.265165
0.314483
0.075850
0.140030
0.153709
0.278663
0.572447
0.746548
0.694975
0.047704
0.799391
0.628368
0.035815
0.410341
0.056388
0.348045
0.792968
0.334944
0.449917
0.159489
0.645787
0.001157
0.739743
0.687978
0.000549
0.501457
0.260777
0.247945
0.680967
0.779952
0.462545
0.867958
0.256445
0.815009
0.534929
0.329745
0.042491
0.856782
0.035052
0.753315
0.621335
0.153709
0.652832
0.182726
0.906211
0.081343
0.862416
0.786488
0.000000
0.319514
0.199779
0.283274
0.906211
0.878757
0.705254
0.034305
0.928349
0.131151
0.416320
0.329745
0.919848
0.475349
0.021693
0.488323
0.004602
0.269609
0.358886
0.422349
0.398537
0.753315
0.694975
0.121532
0.821206
0.722767
0.128687
0.260777
0.214332
0.035815
0.827331
0.440730
0.386941
0.827331
0.082990
0.652832
0.003103
0.494871
0.994262
0.000025
