0.558648
0.862416
0.114725
0.680967
0.203341
0.862416
0.538143
0.680967
0.815009
0.112531
0.873406
0.701955
0.544950
0.007713
0.862416
0.928349
0.265165
0.746548
0.314483
0.760042
0.753315
0.065784
0.792968
0.970039
0.219903
0.726032
0.799391
0.422349
0.392713
0.468925
0.153709
0.356298
0.524622
0.521438
0.475349
0.189398
0.786488
0.856782
0.099199
0.494871
0.659874
0.808743
0.508082
0.901437
0.726032
0.206953
0.614310
0.381222
0.280840
0.786488
0.422349
0.766726
0.314483
0.072841
0.572447
0.252167
0.434555
0.494871
0.732903
0.753315
0.586333
0.919848
0.456208
0.381222
0.851058
0.572447
0.156577
0.845248
0.012793
0.659874
0.680967
0.891559
0.456208
0.586333
0.600293
0.680967
0.815009
0.786488
0.269609
0.652832
0.364388
0.600293
0.659874
0.247945
0.475349
0.867958
0.851058
0.017353
0.701955
0.851058
0.779952
0.252167
0.753315
0.156577
0.203341
0.278663
0.680967
0.247945
0.398537
0.919848
