0.638743
0.082990
0.381222
0.779952
0.827331
0.026732
0.386941
0.708915
0.398537
0.083868
0.171598
0.739743
0.792968
0.398537
0.792968
0.381222
0.075047
0.443672
0.340199
0.283274
0.862416
0.174743
0.428427
0.456208
0.521438
0.462545
0.862416
0.551785
0.392713
0.766726
0.514742
0.005624
0.652832
0.949090
0.329745
0.004712
0.972517
0.910872
0.607295
0.645787
0.010062
0.199779
0.867958
0.410341
0.607295
0.206953
0.329745
0.792968
0.260777
0.214332
0.739743
0.572447
0.404413
0.475349
0.020750
0.593305
0.896552
0.468925
0.593305
0.006326
0.845248
0.773363
0.449917
0.121532
0.945583
0.126262
0.839356
0.511232
0.000229
0.839356
0.103161
0.137423
0.422349
0.223749
0.638743
0.353438
0.967432
0.404413
0.845248
0.081343
0.119225
0.779952
0.221921
0.521438
0.386941
0.128687
0.873406
0.203341
0.779952
0.551785
0.753315
0.673945
0.666913
0.006179
0.773363
0.544950
0.773363
0.260777
0.016414
0.991157
