0.398537
0.159489
0.148107
0.174743
0.481816
0.386941
0.945583
0.260777
0.958842
0.910872
0.256445
0.182726
0.392713
0.392713
0.088109
0.845248
0.247945
0.766726
0.475349
0.624665
0.753315
0.910872
0.114725
0.624665
0.329745
0.579380
0.437474
0.488323
0.440730
0.101163
0.558648
0.214332
0.514742
0.652832
0.235604
0.839356
0.214332
0.443672
0.624665
0.386941
0.159489
0.148107
0.680967
0.381222
0.988575
0.462545
0.314483
0.638743
0.856782
0.558648
0.086372
0.283274
0.329745
0.579380
0.494871
0.416320
0.845248
0.551785
0.906211
0.833382
0.544950
0.906211
0.142680
0.901437
0.398537
0.631702
0.131151
0.494871
0.544950
0.987120
0.593305
0.045735
0.845248
0.216111
0.340199
0.155213
0.168501
0.514742
0.666913
0.468925
0.739743
0.579380
0.827331
0.833382
0.456208
0.095372
0.299727
0.488323
0.206953
0.631702
0.283274
0.024229
0.974869
0.057570
0.673945
0.856782
0.369946
0.203341
0.381222
0.196269
