0.285477
0.766726
0.381222
0.364388
0.008270
0.924159
0.119225
0.186038
0.726032
0.437474
0.815009
0.901437
0.558648
0.386941
0.001823
0.142680
0.851058
0.862416
0.084666
0.199779
0.705254
0.719131
0.369946
0.726032
0.422349
0.007713
0.600293
0.999709
0.304589
0.481816
0.906211
0.086372
0.805752
0.666913
0.304589
0.082990
0.475349
0.694975
0.481816
0.176249
0.773363
0.638743
0.369946
0.551785
0.517910
0.712205
0.906211
0.739743
0.687978
0.026732
0.932418
0.961834
0.329745
0.815009
0.027324
0.856782
0.773363
0.572447
0.025584
0.862416
0.659874
0.773363
0.732903
0.064449
0.687978
0.586333
0.475349
0.726032
0.428427
0.833382
0.815009
0.821206
0.961834
0.494871
0.356298
0.049752
0.206953
0.093508
0.037386
0.680967
0.091676
0.443672
0.456208
0.617636
0.437474
0.833382
0.833382
0.600293
0.001498
0.867958
0.766726
0.481816
0.538143
0.110374
0.501457
0.680967
0.746548
0.235604
0.398537
0.652832
