0.802412
0.443672
0.610616
0.256445
0.419169
0.196269
0.802412
0.314483
0.701955
0.145372
0.652832
0.299727
0.992290
0.000264
0.375557
0.988575
0.280840
0.088109
0.739743
0.319514
0.760042
0.309508
0.456208
0.369946
0.760042
0.000071
0.538143
0.851058
0.329745
0.851058
0.845248
0.998961
0.475349
0.572447
0.773363
0.593305
0.910872
0.186038
0.112531
0.881257
0.815009
0.802412
0.309508
0.799391
0.475349
0.358886
0.364388
0.760042
0.000400
0.906211
0.631702
0.269609
0.928349
0.404413
0.989919
0.833382
0.992290
0.910872
0.105194
0.398537
0.766726
0.219903
0.652832
0.283274
0.786488
0.919848
0.462545
0.398537
0.955720
0.666913
0.189398
0.260777
0.945583
0.203341
0.514742
0.766726
0.304589
0.827331
0.802412
0.386941
0.104120
0.192809
0.614310
0.652832
0.235604
0.364388
0.915418
0.000577
0.652832
0.437474
0.274108
0.851058
0.919848
0.833382
0.572447
0.572447
0.964698
0.334944
0.766726
0.398537
