0.565535
0.659874
0.586333
0.680967
0.753315
0.746548
0.586333
0.680967
0.243777
0.873406
0.000075
0.760042
0.805752
0.666913
0.239663
0.508082
0.558648
0.862416
0.910872
0.558648
0.133656
0.065784
0.214332
0.579380
0.792968
0.110374
0.687978
0.701955
0.462545
0.278663
0.358886
0.055775
0.753315
0.666913
0.239663
0.572447
0.746548
0.760042
0.517910
0.239663
0.572447
0.586333
0.919848
0.726032
0.621335
0.176249
0.786488
0.687978
0.687978
0.631702
0.614310
0.856782
0.386941
0.766726
0.079726
0.042921
0.572447
0.319514
0.199779
0.919848
0.666913
0.285477
0.565535
0.961834
0.919848
0.680967
0.808743
0.827331
0.753315
0.919848
0.815009
0.993324
0.617636
0.786488
0.659874
0.565535
0.974869
0.075850
0.901437
0.666913
0.799391
0.739743
0.119225
0.786488
0.001102
0.878757
0.494871
0.501457
0.186038
0.607295
0.687978
0.162447
0.579380
0.166890
0.212370
0.666913
0.593305
0.065784
0.991157
0.753315
