0.210617
0.437474
0.468925
0.617636
0.214332
0.364388
0.955720
0.517910
0.600293
0.054687
0.517910
0.375557
0.538143
0.652832
0.481816
0.449917
0.614310
0.437474
0.610616
0.987120
0.297443
0.109365
0.110374
0.051880
0.955720
0.119225
0.760042
0.468925
0.524622
0.833382
0.381222
0.449917
0.334944
0.422349
0.041598
0.652832
0.083868
0.501457
0.002187
0.199779
0.645787
0.112531
0.538143
0.416320
0.534929
0.488323
0.026732
0.353438
0.906211
0.199779
0.961834
0.145372
0.645787
0.839356
0.358886
0.673945
0.119225
0.191187
0.796018
0.434555
0.334944
0.753315
0.290171
0.022675
0.260777
0.274108
0.292664
0.753315
0.494871
0.138790
0.719131
0.314483
0.058138
0.334944
0.856782
0.173082
0.285477
0.329745
0.067143
0.839356
0.369946
0.945583
0.586333
0.187800
0.680967
0.106169
0.443672
0.638743
0.260777
0.958842
0.531367
0.565535
0.652832
0.285477
0.404413
0.468925
0.459538
0.047704
0.422349
0.136202
