0.274108
0.719131
0.572447
0.381222
0.494871
0.891559
0.558648
0.558648
0.873406
0.019408
0.659874
0.821206
0.462545
0.508082
0.766726
0.659874
0.334944
0.726032
0.746548
0.404413
0.779952
0.003895
0.964698
0.142680
0.673945
0.171598
0.839356
0.014661
0.915418
0.773363
0.949090
0.910872
0.586333
0.815009
0.381222
0.624665
0.481816
0.002296
0.309508
0.521438
0.353438
0.645787
0.199779
0.873406
0.304589
0.309508
0.610616
0.381222
0.508082
0.136202
0.821206
0.026732
0.932418
0.719131
0.991157
0.999213
0.456208
0.586333
0.358886
0.624665
0.434555
0.000015
0.839356
0.042491
0.753315
0.726032
0.001426
0.159489
0.274108
0.375557
0.991157
0.867958
0.919848
0.410341
0.381222
0.779952
0.906211
0.958842
0.508082
0.802412
0.901437
0.329745
0.862416
0.243777
0.071377
0.511232
0.462545
0.694975
0.501457
0.551785
0.064449
0.856782
0.891559
0.964698
0.558648
0.732903
0.579380
0.524622
0.531367
0.434555
