0.443672
0.001426
0.037386
0.182726
0.369946
0.018149
0.148107
0.886460
0.364388
0.732903
0.309508
0.746548
0.150886
0.827331
0.309508
0.456208
0.631702
0.045735
0.173082
0.949090
0.645787
0.624665
0.845248
0.468925
0.538143
0.815009
0.753315
0.375557
0.449917
0.182726
0.097269
0.833382
0.839356
0.150886
0.386941
0.000670
0.422349
0.521438
0.514742
0.544950
0.358886
0.000033
0.294921
0.645787
0.719131
0.726032
0.961834
0.093508
0.821206
0.891559
0.462545
0.304589
0.732903
0.199779
0.256445
0.652832
0.106169
0.345510
0.103161
0.304589
0.501457
0.274108
0.434555
0.983870
0.051880
0.235604
0.386941
0.687978
0.773363
0.666913
0.624665
0.821206
0.046710
0.753315
0.189398
0.119225
0.827331
0.680967
0.299727
0.511232
0.014333
0.176249
0.901437
0.449917
0.182726
0.659874
0.314483
0.821206
0.726032
0.309508
0.638743
0.192809
0.243777
0.494871
0.638743
0.364388
0.416320
0.278663
0.004493
0.494871
