0.845248
0.687978
0.508082
0.214332
0.786488
0.915418
0.292664
0.856782
0.010781
0.364388
0.219903
0.991157
0.815009
0.645787
0.137423
0.342708
0.607295
0.915418
0.287941
0.121532
0.443672
0.182726
0.610616
0.839356
0.726032
0.186038
0.227647
0.789564
0.607295
0.252167
0.437474
0.524622
0.531367
0.165451
0.398537
0.488323
0.375557
0.137423
0.521438
0.565535
0.579380
0.225794
0.867958
0.140030
0.189398
0.348045
0.462545
0.958842
0.091676
0.431323
0.058138
0.673945
0.839356
0.007713
0.544950
0.231599
0.287941
0.342708
0.422349
0.856782
0.216111
0.766726
0.334944
0.579380
0.961834
0.018149
0.967432
0.919848
0.624665
0.896552
0.274108
0.189398
0.694975
0.753315
0.802412
0.565535
0.579380
0.551785
0.334944
0.851058
0.508082
0.600293
0.082990
0.196269
0.079726
0.896552
0.915418
0.891559
0.065784
0.262849
0.766726
0.260777
0.624665
0.456208
0.511232
0.138790
0.596613
0.350877
0.919848
0.048718
