0.766726
0.014997
0.137423
0.038195
0.919848
0.047704
0.108254
0.067143
0.680967
0.100125
0.239663
0.862416
0.481816
0.645787
0.054091
0.410341
0.192809
0.110374
0.462545
0.020750
0.680967
0.267263
0.375557
0.773363
0.565535
0.422349
0.227647
0.287941
0.958842
0.856782
0.919848
0.839356
0.189398
0.779952
0.558648
0.910872
0.002818
0.456208
0.475349
0.961834
0.006326
0.219903
0.189398
0.586333
0.353438
0.896552
0.558648
0.203341
0.206953
0.340199
0.023183
0.652832
0.924159
0.666913
0.910872
0.896552
0.501457
0.494871
0.088109
0.901437
0.100125
0.097269
0.524622
0.628368
0.991157
0.839356
0.680967
0.386941
0.203341
0.565535
0.715853
0.475349
0.901437
0.967432
0.274108
0.645787
0.701955
0.753315
0.851058
0.069940
0.132333
0.016414
0.766726
0.137423
0.551785
0.475349
0.739743
0.475349
0.133656
0.095372
0.915418
0.845248
0.964698
0.652832
0.901437
0.218100
0.766726
0.732903
0.659874
0.004880
