0.910872
0.628368
0.565535
0.265165
0.958842
0.446953
0.760042
0.833382
0.437474
0.375557
0.410341
0.440730
0.851058
0.779952
0.106169
0.739743
0.508082
0.799391
0.839356
0.815009
0.456208
0.369946
0.862416
0.440730
0.673945
0.845248
0.036592
0.280840
0.915418
0.039021
0.260777
0.915418
0.369946
0.607295
0.103161
0.839356
0.123878
0.014661
0.558648
0.839356
0.628368
0.680967
0.456208
0.037386
0.243777
0.579380
0.600293
0.181174
0.572447
0.186038
0.064449
0.896552
0.192809
0.016048
0.274108
0.833382
0.488323
0.760042
0.687978
0.488323
0.645787
0.189398
0.845248
0.488323
0.475349
0.538143
0.845248
0.294921
0.915418
0.839356
0.334944
0.030472
0.488323
0.919848
0.645787
0.283274
0.652832
0.551785
0.987120
0.453223
0.851058
0.739743
0.732903
0.243777
0.392713
0.862416
0.237734
0.961834
0.558648
0.061853
0.299727
0.012370
0.645787
0.680967
0.833382
0.260777
0.579380
0.508082
0.475349
0.072841
