0.867958
0.906211
0.265165
0.572447
0.508082
0.462545
0.165451
0.121532
0.586333
0.150886
0.666913
0.753315
0.915418
0.924159
0.462545
0.856782
0.766726
0.673945
0.314483
0.044332
0.084666
0.919848
0.760042
0.753315
0.851058
0.701955
0.443672
0.967432
0.378532
0.586333
0.821206
0.150886
0.005492
0.231599
0.565535
0.071377
0.008663
0.680967
0.280840
0.867958
0.827331
0.621335
0.189398
0.773363
0.186038
0.398537
0.915418
0.766726
0.392713
0.196269
0.766726
0.708915
0.521438
0.381222
0.680967
0.001171
0.468925
0.544950
0.468925
0.063139
0.528168
0.176249
0.928349
0.235604
0.361775
0.915418
0.659874
0.218100
0.276259
0.928349
0.214332
0.231599
0.392713
0.428427
0.565535
0.915418
0.856782
0.638743
0.392713
0.558648
0.621335
0.011549
0.404413
0.112531
0.586333
0.988575
0.494871
0.964698
0.381222
0.766726
0.614310
0.805752
0.462545
0.856782
0.000437
0.645787
0.189398
0.666913
0.002083
0.621335
