0.099199
0.227647
0.544950
0.827331
0.488323
0.419169
0.443672
0.375557
0.967432
0.786488
0.961834
0.069940
0.967432
0.162447
0.089036
0.494871
0.753315
0.511232
0.309508
0.524622
0.856782
0.600293
0.958842
0.192809
0.666913
0.062527
0.171598
0.607295
0.766726
0.104120
0.247945
0.531367
0.375557
0.031824
0.928349
0.999417
0.766726
0.142680
0.437474
0.309508
0.558648
0.104120
0.896552
0.992290
0.579380
0.334944
0.156577
0.475349
0.645787
0.241822
0.048235
0.992290
0.026732
0.247945
0.732903
0.638743
0.097269
0.041598
0.494871
0.988575
0.565535
0.137423
0.821206
0.645787
0.961834
0.851058
0.386941
0.851058
0.256445
0.428427
0.517910
0.239663
0.425222
0.906211
0.586333
0.673945
0.010536
0.002187
0.392713
0.827331
0.223749
0.659874
0.652832
0.760042
0.687978
0.766726
0.239663
0.196269
0.052453
0.283274
0.970039
0.186038
0.110374
0.544950
0.381222
0.404413
0.121532
0.972517
0.739743
0.673945
