0.153709
0.440730
0.719131
0.488323
0.375557
0.528168
0.726032
0.456208
0.449917
0.314483
0.808743
0.687978
0.687978
0.294921
0.928349
0.494871
0.666913
0.928349
0.808743
0.538143
0.488323
0.638743
0.808743
0.786488
0.475349
0.746548
0.992290
0.680967
0.551785
0.680967
0.666913
0.494871
0.072841
0.340199
0.924159
0.901437
0.715853
0.600293
0.538143
0.041598
0.422349
0.815009
0.753315
0.624665
0.992290
0.425222
0.928349
0.928349
0.375557
0.659874
0.673945
0.218100
0.089877
0.256445
0.410341
0.607295
0.392713
0.779952
0.845248
0.919848
0.428427
0.659874
0.924159
0.196269
0.862416
0.119225
0.056388
0.766726
0.038195
0.565535
0.652832
0.961834
0.839356
0.324601
0.225794
0.705254
0.256445
0.753315
0.269609
0.593305
0.821206
0.659874
0.449917
0.760042
0.223749
0.924159
0.786488
0.239663
0.919848
0.919848
0.404413
0.732903
0.856782
0.481816
0.694975
0.023183
0.851058
0.970039
0.845248
0.701955
