0.497986
0.766726
0.666913
0.856782
0.046710
0.851058
0.961834
0.177934
0.856782
0.004825
0.881257
0.462545
0.256445
0.468925
0.434555
0.698284
0.140030
0.856782
0.786488
0.494871
0.694975
0.049752
0.875953
0.481816
0.304589
0.422349
0.494871
0.186038
0.210617
0.378532
0.961834
0.511232
0.753315
0.319514
0.910872
0.203341
0.867958
0.174743
0.579380
0.419169
0.766726
0.659874
0.786488
0.936363
0.039863
0.544950
0.290171
0.422349
0.369946
0.701955
0.821206
0.572447
0.283274
0.701955
0.227647
0.901437
0.319514
0.989919
0.732903
0.621335
0.600293
0.329745
0.607295
0.265165
0.229720
0.821206
0.475349
0.131151
0.808743
0.952469
0.481816
0.239663
0.873406
0.294921
0.260777
0.404413
0.600293
0.766726
0.034305
0.910872
0.961834
0.278663
0.792968
0.074331
0.524622
0.538143
0.269609
0.304589
0.694975
0.652832
0.091676
0.138790
0.621335
0.712205
0.958842
0.558648
0.991157
0.239663
0.428427
0.607295
