0.600293
0.265165
0.708915
0.517910
0.600293
0.165451
0.334944
0.941949
0.631702
0.364388
0.501457
0.128687
0.833382
0.565535
0.214332
0.833382
0.867958
0.416320
0.319514
0.875953
0.821206
0.544950
0.078971
0.572447
0.652832
0.428427
0.827331
0.565535
0.369946
0.544950
0.666913
0.475349
0.239663
0.753315
0.528168
0.773363
0.156577
0.972517
0.369946
0.600293
0.398537
0.607295
0.431323
0.896552
0.294921
0.600293
0.645787
0.992290
0.017559
0.915418
0.906211
0.475349
0.081343
0.851058
0.901437
0.638743
0.786488
0.199779
0.428427
0.488323
0.579380
0.186038
0.105194
0.827331
0.392713
0.488323
0.369946
0.659874
0.621335
0.924159
0.572447
0.928349
0.369946
0.334944
0.538143
0.364388
0.992290
0.462545
0.862416
0.488323
0.600293
0.443672
0.726032
0.891559
0.501457
0.091676
0.991157
0.398537
0.165451
0.901437
0.392713
0.348045
0.687978
0.952469
0.038195
0.786488
0.256445
0.607295
0.324601
0.680967
