0.906211
0.280840
0.961834
0.174743
0.462545
0.179463
0.915418
0.345510
0.932418
0.031824
0.652832
0.031463
0.416320
0.019846
0.203341
0.645787
0.538143
0.443672
0.687978
0.572447
0.680967
0.218100
0.142680
0.179463
0.381222
0.052975
0.091676
0.488323
0.501457
0.856782
0.372892
0.169963
0.558648
0.673945
0.638743
0.531367
0.475349
0.915418
0.159489
0.760042
0.285477
0.958842
0.174743
0.694975
0.845248
0.572447
0.073543
0.404413
0.231599
0.206953
0.538143
0.862416
0.600293
0.708915
0.652832
0.027324
0.833382
0.319514
0.196269
0.659874
0.153709
0.133656
0.131151
0.108254
0.201647
0.955720
0.153709
0.381222
0.044778
0.833382
0.416320
0.610616
0.071377
0.034305
0.600293
0.792968
0.206953
0.072841
0.369946
0.437474
0.958842
0.350877
0.932418
0.131151
0.319514
0.173082
0.091676
0.020293
0.256445
0.364388
0.687978
0.278663
0.799391
0.097269
0.084666
0.827331
0.565535
0.375557
0.544950
0.915418
