0.002296
0.026732
0.565535
0.792968
0.137423
0.005624
0.915418
0.701955
0.428427
0.276259
0.827331
0.074331
0.319514
0.214332
0.624665
0.821206
0.102105
0.008465
0.428427
0.680967
0.862416
0.219903
0.845248
0.265165
0.247945
0.422349
0.705254
0.123878
0.422349
0.928349
0.057570
0.404413
0.196269
0.116956
0.381222
0.572447
0.171598
0.348045
0.210617
0.063139
0.061853
0.928349
0.867958
0.799391
0.290171
0.449917
0.753315
0.572447
0.666913
0.071377
0.108254
0.361775
0.928349
0.199779
0.265165
0.799391
0.235604
0.280840
0.329745
0.237734
0.705254
0.462545
0.345510
0.422349
0.906211
0.084666
0.600293
0.174743
0.219903
0.186038
0.088109
0.488323
0.845248
0.779952
0.873406
0.906211
0.048718
0.851058
0.067143
0.010062
0.851058
0.687978
0.434555
0.802412
0.353438
0.074331
0.260777
0.475349
0.579380
0.137423
0.422349
0.410341
0.162447
0.319514
0.708915
0.192809
0.169963
0.666913
0.191187
0.179463
