0.867958
0.404413
0.732903
0.544950
0.356298
0.386941
0.732903
0.839356
0.419169
0.468925
0.579380
0.989919
0.808743
0.398537
0.726032
0.666913
0.621335
0.290171
0.910872
0.851058
0.290171
0.304589
0.928349
0.945583
0.987120
0.398537
0.199779
0.475349
0.958842
0.065784
0.481816
0.113682
0.055229
0.265165
0.862416
0.856782
0.786488
0.422349
0.437474
0.607295
0.265165
0.558648
0.456208
0.364388
0.645787
0.766726
0.910872
0.524622
0.565535
0.739743
0.579380
0.324601
0.290171
0.924159
0.233700
0.659874
0.786488
0.833382
0.422349
0.579380
0.367306
0.186038
0.269609
0.851058
0.687978
0.112531
0.247945
0.586333
0.156577
0.287941
0.645787
0.243777
0.398537
0.223749
0.833382
0.398537
0.952469
0.827331
0.680967
0.269609
0.645787
0.551785
0.624665
0.243777
0.851058
0.988575
0.886460
0.468925
0.381222
0.680967
0.652832
0.140030
0.214332
0.233700
0.165451
0.265165
0.551785
0.694975
0.970039
0.440730
