0.779952
0.398537
0.701955
0.558648
0.278663
0.760042
0.514742
0.955720
0.265165
0.659874
0.392713
0.624665
0.680967
0.037386
0.231599
0.621335
0.334944
0.398537
0.856782
0.410341
0.375557
0.481816
0.645787
0.652832
0.422349
0.060591
0.110374
0.126262
0.369946
0.364388
0.449917
0.845248
0.386941
0.659874
0.779952
0.003989
0.290171
0.906211
0.910872
0.867958
0.746548
0.521438
0.319514
0.126262
0.839356
0.839356
0.179463
0.404413
0.121532
0.081343
0.206953
0.624665
0.462545
0.952469
0.544950
0.514742
0.212370
0.607295
0.260777
0.053501
0.827331
0.786488
0.746548
0.494871
0.988575
0.839356
0.239663
0.572447
0.017559
0.186038
0.673945
0.645787
0.919848
0.753315
0.961834
0.839356
0.443672
0.456208
0.218100
0.910872
0.701955
0.919848
0.206953
0.666913
0.375557
0.437474
0.851058
0.022675
0.145372
0.252167
0.142680
0.475349
0.886460
0.462545
0.694975
0.276259
0.873406
0.481816
0.016967
0.955720
