0.334944
0.701955
0.005624
0.179463
0.177934
0.324601
0.186038
0.524622
0.906211
0.708915
0.746548
0.508082
0.659874
0.031141
0.666913
0.231599
0.350877
0.119225
0.203341
0.348045
0.924159
0.600293
0.726032
0.614310
0.189398
0.171598
0.666913
0.511232
0.851058
0.004493
0.753315
0.018980
0.915418
0.015340
0.544950
0.821206
0.572447
0.551785
0.245964
0.475349
0.614310
0.046710
0.369946
0.153709
0.708915
0.739743
0.600293
0.906211
0.023183
0.766726
0.145372
0.955720
0.862416
0.140030
0.983870
0.719131
0.121532
0.358886
0.652832
0.148107
0.991157
0.416320
0.468925
0.802412
0.839356
0.416320
0.283274
0.680967
0.579380
0.121532
0.746548
0.694975
0.708915
0.739743
0.449917
0.481816
0.989919
0.967432
0.168501
0.614310
0.014011
0.551785
0.739743
0.708915
0.952469
0.345510
0.839356
0.022675
0.773363
0.369946
0.891559
0.786488
0.007713
0.827331
0.179463
0.256445
0.082990
0.475349
0.449917
0.766726
