0.004941
0.398537
0.057570
0.375557
0.501457
0.481816
0.773363
0.381222
0.845248
0.952469
0.142680
0.901437
0.314483
0.358886
0.005895
0.753315
0.340199
0.274108
0.845248
0.821206
0.488323
0.988575
0.173082
0.766726
0.108254
0.324601
0.045735
0.779952
0.142680
0.607295
0.287941
0.760042
0.638743
0.058775
0.290171
0.799391
0.732903
0.739743
0.425222
0.030472
0.398537
0.214332
0.329745
0.910872
0.949090
0.468925
0.304589
0.565535
0.100125
0.290171
0.856782
0.008080
0.687978
0.600293
0.773363
0.862416
0.131151
0.033573
0.680967
0.694975
0.551785
0.705254
0.673945
0.558648
0.148107
0.949090
0.174743
0.196269
0.970039
0.029816
0.851058
0.833382
0.726032
0.096266
0.035815
0.919848
0.243777
0.732903
0.159489
0.746548
0.687978
0.845248
0.760042
0.891559
0.243777
0.821206
0.760042
0.076579
0.005895
0.786488
0.223749
0.600293
0.340199
0.799391
0.488323
0.494871
0.137423
0.494871
0.856782
0.565535
