0.673945
0.150886
0.851058
0.906211
0.915418
0.732903
0.481816
0.468925
0.565535
0.440730
0.410341
0.007713
0.369946
0.955720
0.123878
0.422349
0.856782
0.726032
0.666913
0.148107
0.416320
0.701955
0.022179
0.437474
0.381222
0.991157
0.075850
0.572447
0.381222
0.067143
0.123878
0.833382
0.398537
0.345510
0.652832
0.833382
0.607295
0.051880
0.137423
0.760042
0.153709
0.256445
0.910872
0.462545
0.361775
0.862416
0.140030
0.517910
0.998961
0.126262
0.687978
0.067143
0.121532
0.119225
0.586333
0.833382
0.082206
0.896552
0.121532
0.673945
0.410341
0.002958
0.112531
0.802412
0.719131
0.673945
0.753315
0.269609
0.488323
0.867958
0.760042
0.468925
0.142680
0.223749
0.961834
0.607295
0.042491
0.680967
0.833382
0.652832
0.766726
0.961834
0.039021
0.521438
0.680967
0.006035
0.223749
0.833382
0.214332
0.392713
0.309508
0.196269
0.039863
0.586333
0.558648
0.350877
0.456208
0.753315
0.851058
0.329745
