0.294921
0.621335
0.666913
0.010536
0.011288
0.799391
0.069940
0.358886
0.961834
0.873406
0.162447
0.673945
0.572447
0.049752
0.422349
0.082990
0.119225
0.708915
0.015340
0.358886
0.992290
0.514742
0.247945
0.572447
0.398537
0.054091
0.673945
0.061853
0.001984
0.579380
0.694975
0.156577
0.779952
0.961834
0.827331
0.851058
0.398537
0.061853
0.915418
0.524622
0.600293
0.666913
0.008080
0.051880
0.494871
0.101163
0.919848
0.572447
0.827331
0.265165
0.524622
0.060591
0.153709
0.572447
0.862416
0.659874
0.586333
0.919848
0.821206
0.210617
0.294921
0.028545
0.579380
0.004184
0.964698
0.004184
0.715853
0.551785
0.016787
0.558648
0.508082
0.593305
0.919848
0.631702
0.196269
0.701955
0.845248
0.544950
0.196269
0.593305
0.481816
0.038195
0.631702
0.919848
0.229720
0.392713
0.833382
0.256445
0.043403
0.044778
0.005492
0.558648
0.565535
0.141419
0.544950
0.694975
0.967432
0.815009
0.501457
0.531367
