0.294921
0.243777
0.035052
0.538143
0.089877
0.624665
0.285477
0.299727
0.739743
0.299727
0.165451
0.084666
0.186038
0.524622
0.551785
0.353438
0.659874
0.821206
0.235604
0.353438
0.369946
0.845248
0.089877
0.329745
0.134857
0.596613
0.579380
0.309508
0.760042
0.468925
0.358886
0.514742
0.862416
0.687978
0.833382
0.176249
0.481816
0.247945
0.579380
0.290171
0.196269
0.019408
0.624665
0.239663
0.381222
0.565535
0.156577
0.369946
0.112531
0.456208
0.821206
0.766726
0.645787
0.093508
0.243777
0.792968
0.579380
0.593305
0.631702
0.437474
0.210617
0.475349
0.488323
0.659874
0.462545
0.369946
0.156577
0.753315
0.169963
0.544950
0.992290
0.283274
0.265165
0.440730
0.278663
0.434555
0.319514
0.766726
0.112531
0.753315
0.166890
0.150886
0.945583
0.243777
0.162447
0.153709
0.652832
0.104120
0.243777
0.739743
0.481816
0.314483
0.739743
0.239663
0.514742
0.766726
0.924159
0.631702
0.617636
0.174743
