0.231599
0.025584
0.972517
0.833382
0.007894
0.617636
0.260777
0.501457
0.961834
0.680967
0.369946
0.624665
0.833382
0.104120
0.265165
0.182726
0.013389
0.833382
0.099199
0.508082
0.997879
0.324601
0.652832
0.875953
0.068529
0.638743
0.260777
0.005758
0.299727
0.915418
0.610616
0.462545
0.739743
0.173082
0.856782
0.600293
0.593305
0.760042
0.579380
0.239663
0.043840
0.970039
0.919848
0.924159
0.680967
0.815009
0.369946
0.189398
0.063139
0.468925
0.386941
0.280840
0.386941
0.746548
0.007894
0.815009
0.558648
0.084666
0.786488
0.324601
0.708915
0.652832
0.845248
0.440730
0.827331
0.961834
0.243777
0.712205
0.501457
0.712205
0.287941
0.919848
0.206953
0.753315
0.544950
0.687978
0.638743
0.652832
0.036592
0.223749
0.659874
0.260777
0.773363
0.924159
0.456208
0.531367
0.945583
0.065784
0.462545
0.012655
0.353438
0.462545
0.739743
0.358886
0.896552
0.544950
0.624665
0.416320
0.851058
0.614310
