0.786488
0.666913
0.256445
0.345510
0.924159
0.673945
0.906211
0.001823
0.381222
0.508082
0.309508
0.558648
0.851058
0.156577
0.112531
0.434555
0.867958
0.833382
0.680967
0.001102
0.760042
0.434555
0.186038
0.558648
0.309508
0.673945
0.016414
0.799391
0.361775
0.416320
0.845248
0.972517
0.453223
0.593305
0.827331
0.514742
0.381222
0.022675
0.617636
0.404413
0.851058
0.456208
0.786488
0.047704
0.687978
0.121532
0.558648
0.845248
0.779952
0.821206
0.074331
0.233700
0.786488
0.269609
0.586333
0.621335
0.345510
0.579380
0.600293
0.999213
0.081343
0.607295
0.082990
0.680967
0.494871
0.952469
0.631702
0.309508
0.086372
0.381222
0.856782
0.018560
0.381222
0.386941
0.680967
0.446953
0.739743
0.191187
0.607295
0.856782
0.896552
0.274108
0.002352
0.766726
0.069940
0.475349
0.989919
0.168501
0.839356
0.017169
0.607295
0.356298
0.779952
0.919848
0.799391
0.708915
0.558648
0.345510
0.915418
0.025584
