0.808743
0.538143
0.468925
0.910872
0.815009
0.985553
0.309508
0.340199
0.304589
0.652832
0.915418
0.030472
0.269609
0.524622
0.705254
0.845248
0.949090
0.839356
0.369946
0.156577
0.475349
0.958842
0.915418
0.093508
0.501457
0.342708
0.739743
0.862416
0.256445
0.851058
0.958842
0.652832
0.075850
0.051880
0.302279
0.410341
0.060591
0.014997
0.329745
0.815009
0.239663
0.919848
0.089877
0.538143
0.265165
0.833382
0.150886
0.873406
0.084666
0.705254
0.694975
0.449917
0.708915
0.958842
0.456208
0.551785
0.069940
0.307171
0.586333
0.319514
0.082990
0.131151
0.227647
0.945583
0.494871
0.565535
0.808743
0.802412
0.121532
0.304589
0.851058
0.673945
0.687978
0.123878
0.243777
0.168501
0.565535
0.739743
0.538143
0.958842
0.572447
0.192809
0.294921
0.488323
0.998961
0.030472
0.614310
0.108254
0.875953
0.680967
0.538143
0.621335
0.827331
0.821206
0.159489
0.114725
0.378532
0.214332
0.074331
0.216111
