0.304589
0.726032
0.511232
0.369946
0.531367
0.294921
0.019408
0.565535
0.398537
0.631702
0.022179
0.773363
0.524622
0.715853
0.299727
0.833382
0.558648
0.231599
0.010297
0.856782
0.652832
0.014333
0.773363
0.773363
0.531367
0.792968
0.462545
0.856782
0.398537
0.558648
0.115895
0.459538
0.372892
0.851058
0.961834
0.972517
0.319514
0.044332
0.026732
0.739743
0.294921
0.285477
0.065784
0.494871
0.192809
0.314483
0.475349
0.551785
0.967432
0.171598
0.739743
0.786488
0.572447
0.177934
0.233700
0.254412
0.779952
0.961834
0.851058
0.673945
0.247945
0.446953
0.096266
0.558648
0.494871
0.302279
0.488323
0.687978
0.631702
0.862416
0.524622
0.659874
0.766726
0.919848
0.845248
0.881257
0.970039
0.766726
0.462545
0.364388
0.110374
0.624665
0.265165
0.815009
0.016787
0.906211
0.565535
0.760042
0.340199
0.901437
0.214332
0.666913
0.283274
0.367306
0.312119
0.600293
0.961834
0.999417
0.586333
0.039021
