0.760042
0.551785
0.952469
0.827331
0.123878
0.558648
0.462545
0.538143
0.274108
0.309508
0.488323
0.468925
0.404413
0.000047
0.324601
0.558648
0.121532
0.309508
0.958842
0.196269
0.488323
0.381222
0.786488
0.358886
0.361775
0.000327
0.856782
0.928349
0.687978
0.792968
0.845248
0.025028
0.145372
0.715853
0.035815
0.475349
0.593305
0.162447
0.314483
0.760042
0.766726
0.189398
0.456208
0.586333
0.256445
0.462545
0.481816
0.123878
0.000292
0.833382
0.392713
0.446953
0.766726
0.416320
0.049752
0.815009
0.040722
0.462545
0.256445
0.579380
0.514742
0.119225
0.760042
0.628368
0.386941
0.845248
0.815009
0.504591
0.915418
0.329745
0.896552
0.524622
0.162447
0.964698
0.265165
0.216111
0.116956
0.815009
0.072841
0.856782
0.443672
0.544950
0.269609
0.746548
0.558648
0.314483
0.410341
0.000146
0.456208
0.565535
0.621335
0.586333
0.687978
0.068529
0.617636
0.156577
0.760042
0.021216
0.766726
0.350877
