0.579380
0.680967
0.572447
0.089877
0.673945
0.680967
0.239663
0.256445
0.638743
0.203341
0.586333
0.673945
0.329745
0.808743
0.514742
0.987120
0.416320
0.862416
0.047704
0.481816
0.955720
0.074331
0.932418
0.252167
0.481816
0.572447
0.779952
0.961834
0.659874
0.488323
0.274108
0.398537
0.659874
0.961834
0.398537
0.206953
0.031141
0.687978
0.565535
0.579380
0.851058
0.565535
0.091676
0.999213
0.068529
0.779952
0.488323
0.162447
0.353438
0.862416
0.760042
0.760042
0.252167
0.715853
0.054091
0.988575
0.766726
0.631702
0.434555
0.159489
0.398537
0.121532
0.586333
0.231599
0.145372
0.833382
0.631702
0.416320
0.600293
0.694975
0.148107
0.967432
0.243777
0.494871
0.494871
0.544950
0.600293
0.746548
0.753315
0.970039
0.565535
0.039863
0.964698
0.468925
0.206953
0.786488
0.159489
0.802412
0.851058
0.766726
0.993324
0.544950
0.453223
0.256445
0.827331
0.919848
0.739743
0.103161
0.017169
0.915418
