0.572447
0.614310
0.694975
0.833382
0.398537
0.422349
0.521438
0.760042
0.779952
0.265165
0.156577
0.719131
0.919848
0.607295
0.600293
0.276259
0.786488
0.356298
0.792968
0.488323
0.162447
0.579380
0.579380
0.815009
0.961834
0.508082
0.607295
0.437474
0.287941
0.265165
0.551785
0.142680
0.773363
0.766726
0.015340
0.659874
0.531367
0.012090
0.961834
0.760042
0.867958
0.621335
0.827331
0.607295
0.481816
0.558648
0.565535
0.030472
0.773363
0.708915
0.638743
0.732903
0.061253
0.329745
0.821206
0.827331
0.206953
0.659874
0.375557
0.531367
0.256445
0.309508
0.891559
0.638743
0.196269
0.906211
0.314483
0.753315
0.456208
0.544950
0.851058
0.896552
0.192809
0.753315
0.558648
0.603608
0.528168
0.726032
0.422349
0.856782
0.297443
0.558648
0.607295
0.260777
0.156577
0.910872
0.839356
0.856782
0.434555
0.304589
0.739743
0.221921
0.168501
0.739743
0.381222
0.659874
0.256445
0.247945
0.364388
0.760042
