0.260777
0.137423
0.910872
0.833382
0.398537
0.102105
0.659874
0.182726
0.873406
0.792968
0.260777
0.481816
0.299727
0.915418
0.851058
0.792968
0.381222
0.060591
0.760042
0.280840
0.799391
0.708915
0.093508
0.906211
0.314483
0.915418
0.851058
0.786488
0.906211
0.038195
0.210617
0.428427
0.586333
0.488323
0.600293
0.652832
0.991157
0.309508
0.098179
0.319514
0.026152
0.739743
0.462545
0.659874
0.878757
0.924159
0.958842
0.182726
0.488323
0.972517
0.501457
0.856782
0.705254
0.040722
0.361775
0.701955
0.080574
0.666913
0.494871
0.896552
0.746548
0.014661
0.081343
0.449917
0.369946
0.356298
0.097269
0.551785
0.203341
0.779952
0.481816
0.624665
0.511232
0.100125
0.881257
0.113682
0.074331
0.652832
0.481816
0.239663
0.239663
0.906211
0.386941
0.708915
0.766726
0.159489
0.437474
0.773363
0.928349
0.773363
0.862416
0.808743
0.004388
0.292664
0.514742
0.508082
0.392713
0.773363
0.199779
0.896552
