0.538143
0.779952
0.534929
0.036592
0.666913
0.992290
0.453223
0.645787
0.508082
0.928349
0.673945
0.364388
0.919848
0.955720
0.410341
0.006035
0.746548
0.786488
0.521438
0.468925
0.786488
0.967432
0.386941
0.652832
0.964698
0.645787
0.579380
0.004388
0.488323
0.108254
0.156577
0.046710
0.437474
0.760042
0.565535
0.231599
0.617636
0.680967
0.199779
0.437474
0.773363
0.534929
0.468925
0.991157
0.607295
0.494871
0.524622
0.999581
0.760042
0.128687
0.386941
0.294921
0.119225
0.437474
0.314483
0.072067
0.845248
0.746548
0.964698
0.596613
0.494871
0.631702
0.069940
0.967432
0.666913
0.299727
0.060591
0.924159
0.638743
0.808743
0.896552
0.404413
0.150886
0.779952
0.340199
0.020750
0.150886
0.353438
0.631702
0.680967
0.528168
0.468925
0.915418
0.701955
0.600293
0.353438
0.967432
0.964698
0.481816
0.022179
0.086372
0.381222
0.148107
0.199779
0.022413
0.851058
0.375557
0.398537
0.524622
0.652832
