0.572447
0.760042
0.786488
0.673945
0.579380
0.760042
0.687978
0.340199
0.324601
0.410341
0.022179
0.243777
0.988575
0.136202
0.815009
0.593305
0.652832
0.972517
0.856782
0.265165
0.701955
0.294921
0.214332
0.243777
0.501457
0.309508
0.739743
0.867958
0.645787
0.833382
0.983870
0.280840
0.701955
0.967432
0.462545
0.760042
0.375557
0.638743
0.358886
0.475349
0.753315
0.862416
0.924159
0.839356
0.283274
0.443672
0.680967
0.538143
0.018780
0.891559
0.607295
0.988575
0.145372
0.999417
0.294921
0.808743
0.792968
0.265165
0.558648
0.910872
0.544950
0.462545
0.732903
0.475349
0.579380
0.428427
0.906211
0.468925
0.851058
0.551785
0.891559
0.481816
0.624665
0.701955
0.544950
0.827331
0.760042
0.593305
0.910872
0.659874
0.708915
0.475349
0.269609
0.856782
0.112531
0.278663
0.617636
0.062527
0.983870
0.278663
0.991157
0.443672
0.845248
0.358886
0.945583
0.607295
0.773363
0.544950
0.753315
0.638743
