0.353438
0.739743
0.375557
0.851058
0.726032
0.040722
0.544950
0.501457
0.666913
0.901437
0.364388
0.008270
0.358886
0.808743
0.867958
0.186038
0.443672
0.488323
0.638743
0.350877
0.833382
0.235604
0.906211
0.007535
0.808743
0.961834
0.218100
0.739743
0.023426
0.203341
0.348045
0.309508
0.534929
0.247945
0.369946
0.910872
0.494871
0.101163
0.538143
0.280840
0.739743
0.247945
0.856782
0.607295
0.084666
0.304589
0.243777
0.078138
0.443672
0.967432
0.680967
0.610616
0.004602
0.081343
0.132333
0.936363
0.534929
0.596613
0.659874
0.687978
0.607295
0.064449
0.815009
0.278663
0.760042
0.544950
0.283274
0.106169
0.324601
0.652832
0.851058
0.037386
0.508082
0.468925
0.786488
0.468925
0.915418
0.036592
0.624665
0.091676
0.304589
0.680967
0.701955
0.815009
0.449917
0.039863
0.163865
0.821206
0.915418
0.218100
0.808743
0.027928
0.603608
0.102105
0.873406
0.534929
0.061853
0.572447
0.572447
0.287941
