0.521438
0.572447
0.319514
0.579380
0.428427
0.398537
0.845248
0.481816
0.123878
0.265165
0.319514
0.985553
0.621335
0.334944
0.851058
0.739743
0.292664
0.494871
0.815009
0.708915
0.437474
0.786488
0.314483
0.910872
0.501457
0.428427
0.753315
0.386941
0.856782
0.239663
0.701955
0.746548
0.247945
0.873406
0.087282
0.456208
0.851058
0.324601
0.833382
0.786488
0.680967
0.314483
0.666913
0.845248
0.309508
0.579380
0.833382
0.600293
0.593305
0.867958
0.645787
0.329745
0.381222
0.992290
0.586333
0.652832
0.481816
0.708915
0.274108
0.153709
0.766726
0.449917
0.972517
0.061853
0.375557
0.071377
0.501457
0.002241
0.773363
0.294921
0.906211
0.392713
0.428427
0.901437
0.063139
0.162447
0.159489
0.392713
0.184463
0.214332
0.964698
0.760042
0.481816
0.645787
0.078971
0.955720
0.779952
0.345510
0.701955
0.456208
0.666913
0.314483
0.851058
0.680967
0.468925
0.753315
0.440730
0.361775
0.437474
0.851058
