0.528168
0.096266
0.392713
0.896552
0.614310
0.042019
0.991157
0.531367
0.746548
0.666913
0.375557
0.538143
0.329745
0.297443
0.673945
0.845248
0.260777
0.078138
0.992290
0.624665
0.746548
0.746548
0.891559
0.314483
0.269609
0.152367
0.753315
0.524622
0.392713
0.989919
0.212370
0.404413
0.081343
0.958842
0.792968
0.773363
0.851058
0.827331
0.462545
0.446953
0.104120
0.039021
0.821206
0.121532
0.987120
0.392713
0.239663
0.398537
0.350877
0.233700
0.712205
0.958842
0.992290
0.106169
0.833382
0.353438
0.845248
0.919848
0.600293
0.760042
0.961834
0.294921
0.340199
0.988575
0.437474
0.964698
0.760042
0.624665
0.358886
0.862416
0.252167
0.481816
0.906211
0.638743
0.029174
0.873406
0.867958
0.189398
0.428427
0.276259
0.235604
0.551785
0.645787
0.659874
0.891559
0.558648
0.314483
0.786488
0.229720
0.235604
0.827331
0.773363
0.061853
0.386941
0.280840
0.475349
0.991157
0.508082
0.915418
0.910872
