0.153709
0.142680
0.182726
0.285477
0.565535
0.517910
0.610616
0.358886
0.753315
0.064449
0.856782
0.833382
0.162447
0.673945
0.638743
0.076579
0.068529
0.524622
0.358886
0.544950
0.753315
0.082990
0.851058
0.468925
0.680967
0.324601
0.106169
0.260777
0.297443
0.572447
0.600293
0.410341
0.000150
0.691294
0.766726
0.227647
0.000400
0.851058
0.792968
0.091676
0.110374
0.896552
0.025584
0.753315
0.048718
0.988575
0.845248
0.243777
0.434555
0.617636
0.082990
0.312119
0.174743
0.329745
0.206953
0.586333
0.000696
0.449917
0.364388
0.910872
0.013697
0.440730
0.856782
0.593305
0.766726
0.378532
0.666913
0.726032
0.110374
0.216111
0.680967
0.494871
0.565535
0.283274
0.514742
0.186038
0.128687
0.579380
0.456208
0.624665
0.638743
0.078138
0.845248
0.638743
0.299727
0.760042
0.159489
0.614310
0.425222
0.081343
0.201647
0.694975
0.572447
0.488323
0.593305
0.003625
0.881257
0.088109
0.992290
0.000257
