0.381222
0.342708
0.586333
0.162447
0.991157
0.285477
0.579380
0.340199
0.989919
0.786488
0.508082
0.586333
0.223749
0.142680
0.961834
0.148107
0.955720
0.276259
0.534929
0.572447
0.991157
0.614310
0.856782
0.319514
0.024483
0.153709
0.531367
0.361775
0.112531
0.856782
0.659874
0.565535
0.082990
0.760042
0.481816
0.416320
0.983870
0.593305
0.659874
0.638743
0.353438
0.666913
0.278663
0.760042
0.766726
0.715853
0.958842
0.150886
0.047704
0.955720
0.488323
0.856782
0.538143
0.481816
0.666913
0.358886
0.260777
0.739743
0.283274
0.941949
0.792968
0.833382
0.915418
0.586333
0.514742
0.239663
0.381222
0.508082
0.069940
0.192809
0.708915
0.431323
0.856782
0.065784
0.726032
0.488323
0.732903
0.475349
0.047704
0.705254
0.162447
0.340199
0.991157
0.856782
0.799391
0.659874
0.189398
0.294921
0.145372
0.572447
0.136202
0.443672
0.659874
0.494871
0.705254
0.162447
0.652832
0.345510
0.808743
0.786488
