0.565535
0.475349
0.694975
0.572447
0.028545
0.845248
0.607295
0.760042
0.416320
0.140030
0.278663
0.058138
0.348045
0.140030
0.998961
0.867958
0.148107
0.845248
0.708915
0.666913
0.673945
0.112531
0.021693
0.945583
0.815009
0.280840
0.988575
0.961834
0.088109
0.140030
0.638743
0.593305
0.760042
0.077396
0.428427
0.621335
0.076579
0.766726
0.694975
0.851058
0.544950
0.862416
0.680967
0.269609
0.089877
0.126262
0.140030
0.106169
0.231599
0.148107
0.915418
0.104120
0.150886
0.827331
0.416320
0.558648
0.792968
0.340199
0.878757
0.364388
0.827331
0.416320
0.961834
0.314483
0.856782
0.572447
0.280840
0.508082
0.919848
0.449917
0.434555
0.108254
0.027324
0.057570
0.386941
0.952469
0.247945
0.680967
0.915418
0.039021
0.773363
0.600293
0.680967
0.538143
0.056388
0.285477
0.796018
0.443672
0.624665
0.833382
0.176249
0.091676
0.638743
0.862416
0.652832
0.701955
0.025882
0.694975
0.037386
0.475349
