0.638743
0.036592
0.910872
0.398537
0.645787
0.235604
0.398537
0.494871
0.701955
0.186038
0.910872
0.631702
0.221921
0.021216
0.231599
0.544950
0.851058
0.091676
0.398537
0.666913
0.324601
0.404413
0.538143
0.565535
0.260777
0.028545
0.239663
0.481816
0.600293
0.116956
0.873406
0.265165
0.839356
0.886460
0.462545
0.001694
0.544950
0.398537
0.235604
0.551785
0.110374
0.851058
0.398537
0.867958
0.468925
0.958842
0.891559
0.101163
0.016414
0.443672
0.586333
0.845248
0.572447
0.760042
0.753315
0.600293
0.431323
0.077396
0.047704
0.773363
0.038195
0.558648
0.319514
0.162447
0.928349
0.075047
0.089877
0.773363
0.199779
0.342708
0.287941
0.256445
0.218100
0.952469
0.534929
0.225794
0.746548
0.739743
0.449917
0.110374
0.404413
0.572447
0.708915
0.203341
0.456208
0.558648
0.329745
0.029816
0.294921
0.579380
0.760042
0.017957
0.961834
0.162447
0.600293
0.945583
0.659874
0.001574
0.851058
0.726032
