0.243777
0.998300
0.891559
0.572447
0.299727
0.652832
0.802412
0.340199
0.891559
0.256445
0.610616
0.134857
0.145372
0.153709
0.361775
0.072841
0.739743
0.815009
0.815009
0.760042
0.659874
0.179463
0.106169
0.140030
0.891559
0.165451
0.434555
0.000705
0.404413
0.173082
0.873406
0.589633
0.941949
0.514742
0.189398
0.274108
0.165451
0.475349
0.128687
0.488323
0.617636
0.891559
0.833382
0.260777
0.468925
0.437474
0.000998
0.815009
0.652832
0.708915
0.003760
0.753315
0.833382
0.652832
0.991157
0.698284
0.159489
0.024229
0.416320
0.565535
0.256445
0.319514
0.779952
0.150886
0.551785
0.029174
0.214332
0.431323
0.821206
0.137423
0.766726
0.652832
0.875953
0.719131
0.851058
0.998659
0.726032
0.008663
0.392713
0.719131
0.891559
0.659874
0.558648
0.199779
0.617636
0.173082
0.443672
0.247945
0.083868
0.077396
0.468925
0.153709
0.833382
0.845248
0.589633
0.739743
0.329745
0.177934
0.544950
0.210617
