0.501457
0.624665
0.475349
0.386941
0.600293
0.941949
0.760042
0.551785
0.021693
0.732903
0.314483
0.134857
0.159489
0.936363
0.638743
0.494871
0.839356
0.617636
0.659874
0.265165
0.063139
0.964698
0.252167
0.219903
0.057570
0.468925
0.964698
0.808743
0.600293
0.786488
0.701955
0.243777
0.106169
0.252167
0.839356
0.565535
0.551785
0.260777
0.534929
0.607295
0.726032
0.631702
0.392713
0.112531
0.833382
0.906211
0.047704
0.739743
0.694975
0.821206
0.199779
0.760042
0.694975
0.607295
0.827331
0.294921
0.666913
0.179463
0.673945
0.462545
0.845248
0.144091
0.773363
0.165451
0.007191
0.833382
0.475349
0.091676
0.324601
0.206953
0.443672
0.340199
0.329745
0.994262
0.910872
0.521438
0.722767
0.607295
0.607295
0.983870
0.544950
0.572447
0.082990
0.659874
0.386941
0.186038
0.088109
0.862416
0.468925
0.753315
0.845248
0.501457
0.932418
0.196269
0.089877
0.906211
0.437474
0.928349
0.309508
0.967432
