0.544950
0.624665
0.796018
0.140030
0.243777
0.086372
0.524622
0.112531
0.011032
0.659874
0.961834
0.468925
0.915418
0.565535
0.579380
0.970039
0.299727
0.280840
0.425222
0.008080
0.056388
0.544950
0.910872
0.839356
0.851058
0.475349
0.919848
0.159489
0.101163
0.579380
0.065784
0.878757
0.428427
0.163865
0.593305
0.280840
0.565535
0.666913
0.558648
0.739743
0.631702
0.517910
0.108254
0.260777
0.285477
0.967432
0.652832
0.481816
0.991157
0.652832
0.600293
0.462545
0.508082
0.481816
0.753315
0.446953
0.896552
0.014997
0.299727
0.712205
0.600293
0.247945
0.652832
0.319514
0.600293
0.732903
0.334944
0.392713
0.369946
0.121532
0.036592
0.808743
0.071377
0.000119
0.494871
0.607295
0.531367
0.845248
0.243777
0.364388
0.517910
0.014997
0.099199
0.065784
0.910872
0.645787
0.919848
0.673945
0.638743
0.694975
0.165451
0.056388
0.915418
0.196269
0.878757
0.462545
0.082990
0.381222
0.353438
0.694975
