0.621335
0.434555
0.753315
0.481816
0.621335
0.873406
0.243777
0.269609
0.712205
0.906211
0.290171
0.083868
0.786488
0.265165
0.252167
0.501457
0.621335
0.786488
0.544950
0.544950
0.760042
0.596613
0.269609
0.494871
0.440730
0.114725
0.508082
0.896552
0.422349
0.586333
0.015690
0.475349
0.398537
0.511232
0.534929
0.827331
0.579380
0.919848
0.746548
0.708915
0.361775
0.760042
0.638743
0.386941
0.961834
0.231599
0.514742
0.214332
0.416320
0.153709
0.572447
0.856782
0.659874
0.023183
0.398537
0.867958
0.137423
0.481816
0.488323
0.501457
0.203341
0.760042
0.593305
0.652832
0.369946
0.260777
0.827331
0.422349
0.746548
0.488323
0.342708
0.680967
0.192809
0.145372
0.766726
0.386941
0.095372
0.048718
0.873406
0.621335
0.206953
0.645787
0.551785
0.833382
0.437474
0.103161
0.428427
0.786488
0.088109
0.659874
0.862416
0.386941
0.040722
0.278663
0.334944
0.419169
0.565535
0.494871
0.687978
0.753315
