0.468925
0.078138
0.760042
0.833382
0.827331
0.102105
0.673945
0.659874
0.514742
0.283274
0.856782
0.659874
0.558648
0.231599
0.097269
0.753315
0.084666
0.544950
0.851058
0.766726
0.851058
0.422349
0.856782
0.673945
0.142680
0.179463
0.708915
0.235604
0.462545
0.048718
0.621335
0.171598
0.572447
0.645787
0.097269
0.659874
0.659874
0.952469
0.243777
0.652832
0.033573
0.760042
0.961834
0.924159
0.434555
0.851058
0.773363
0.645787
0.456208
0.114725
0.845248
0.348045
0.964698
0.171598
0.428427
0.324601
0.760042
0.851058
0.148107
0.833382
0.314483
0.839356
0.150886
0.186038
0.334944
0.027324
0.153709
0.524622
0.652832
0.673945
0.970039
0.919848
0.134857
0.009608
0.952469
0.517910
0.983870
0.145372
0.494871
0.104120
0.468925
0.967432
0.329745
0.607295
0.680967
0.680967
0.386941
0.299727
0.089877
0.760042
0.517910
0.659874
0.017957
0.701955
0.392713
0.961834
0.680967
0.028545
0.558648
0.998961
