0.652832
0.437474
0.910872
0.003625
0.468925
0.517910
0.839356
0.008759
0.256445
0.833382
0.845248
0.104120
0.462545
0.967432
0.579380
0.381222
0.732903
0.544950
0.631702
0.007025
0.544950
0.753315
0.906211
0.189398
0.827331
0.833382
0.600293
0.348045
0.952469
0.753315
0.821206
0.302279
0.214332
0.970039
0.988575
0.746548
0.827331
0.839356
0.010297
0.558648
0.449917
0.739743
0.000353
0.538143
0.901437
0.967432
0.280840
0.839356
0.739743
0.786488
0.712205
0.645787
0.475349
0.712205
0.607295
0.586333
0.607295
0.967432
0.299727
0.998659
0.680967
0.104120
0.192809
0.481816
0.645787
0.299727
0.910872
0.786488
0.955720
0.827331
0.252167
0.404413
0.586333
0.659874
0.419169
0.334944
0.910872
0.551785
0.565535
0.294921
0.638743
0.017747
0.086372
0.906211
0.760042
0.079726
0.673945
0.815009
0.345510
0.624665
0.746548
0.551785
0.808743
0.350877
0.269609
0.701955
0.992290
0.544950
0.896552
0.856782
