0.481816
0.136202
0.906211
0.488323
0.324601
0.060002
0.121532
0.988575
0.786488
0.961834
0.142680
0.534929
0.645787
0.468925
0.988575
0.265165
0.600293
0.045279
0.369946
0.961834
0.792968
0.766726
0.048718
0.514742
0.456208
0.760042
0.949090
0.773363
0.475349
0.227647
0.673945
0.833382
0.099199
0.171598
0.799391
0.189398
0.961834
0.862416
0.815009
0.600293
0.097269
0.915418
0.746548
0.680967
0.924159
0.375557
0.340199
0.544950
0.970039
0.299727
0.659874
0.558648
0.035815
0.680967
0.988575
0.680967
0.572447
0.786488
0.468925
0.833382
0.851058
0.468925
0.915418
0.031141
0.961834
0.494871
0.600293
0.659874
0.416320
0.283274
0.381222
0.247945
0.983870
0.041598
0.659874
0.342708
0.760042
0.010536
0.488323
0.056388
0.206953
0.845248
0.593305
0.993324
0.239663
0.218100
0.645787
0.593305
0.952469
0.666913
0.189398
0.290171
0.970039
0.381222
0.967432
0.013245
0.867958
0.652832
0.659874
0.970039
