0.431323
0.538143
0.572447
0.600293
0.227647
0.638743
0.481816
0.334944
0.334944
0.108254
0.044778
0.508082
0.821206
0.324601
0.974869
0.142680
0.624665
0.260777
0.475349
0.779952
0.029174
0.431323
0.069940
0.680967
0.833382
0.392713
0.867958
0.425222
0.652832
0.206953
0.001102
0.229720
0.133656
0.055229
0.011032
0.035052
0.558648
0.928349
0.680967
0.504591
0.375557
0.324601
0.600293
0.873406
0.034305
0.294921
0.329745
0.375557
0.468925
0.867958
0.069940
0.958842
0.961834
0.443672
0.055229
0.701955
0.760042
0.631702
0.020750
0.082990
0.964698
0.839356
0.494871
0.027324
0.593305
0.910872
0.014997
0.766726
0.280840
0.586333
0.715853
0.140030
0.779952
0.123878
0.381222
0.422349
0.252167
0.833382
0.358886
0.524622
0.600293
0.165451
0.607295
0.035052
0.231599
0.159489
0.833382
0.314483
0.972517
0.252167
0.659874
0.746548
0.001574
0.097269
0.521438
0.126262
0.456208
0.001129
0.231599
0.659874
