0.014661
0.488323
0.732903
0.011032
0.375557
0.773363
0.021216
0.150886
0.961834
0.177934
0.701955
0.586333
0.719131
0.392713
0.924159
0.014661
0.314483
0.896552
0.041598
0.112531
0.753315
0.155213
0.867958
0.753315
0.182726
0.392713
0.114725
0.501457
0.705254
0.422349
0.631702
0.652832
0.137423
0.766726
0.350877
0.673945
0.348045
0.680967
0.462545
0.456208
0.123878
0.881257
0.097269
0.162447
0.753315
0.367306
0.856782
0.638743
0.156577
0.766726
0.039021
0.437474
0.404413
0.192809
0.156577
0.732903
0.538143
0.600293
0.218100
0.364388
0.827331
0.162447
0.046710
0.924159
0.501457
0.773363
0.531367
0.462545
0.345510
0.443672
0.329745
0.449917
0.558648
0.862416
0.572447
0.103161
0.501457
0.162447
0.140030
0.252167
0.047704
0.334944
0.309508
0.572447
0.453223
0.773363
0.891559
0.398537
0.558648
0.089877
0.364388
0.572447
0.381222
0.739743
0.462545
0.148107
0.283274
0.773363
0.827331
0.375557
