0.786488
0.239663
0.369946
0.638743
0.680967
0.839356
0.886460
0.114725
0.084666
0.345510
0.031824
0.680967
0.856782
0.906211
0.712205
0.538143
0.558648
0.773363
0.239663
0.047704
0.156577
0.345510
0.017559
0.659874
0.970039
0.827331
0.511232
0.739743
0.231599
0.381222
0.324601
0.673945
0.078138
0.631702
0.462545
0.386941
0.760042
0.437474
0.011288
0.521438
0.239663
0.443672
0.375557
0.285477
0.345510
0.701955
0.449917
0.932418
0.988575
0.524622
0.443672
0.565535
0.020293
0.304589
0.386941
0.659874
0.098179
0.600293
0.821206
0.392713
0.462545
0.166890
0.350877
0.531367
0.221921
0.048718
0.084666
0.319514
0.993324
0.099199
0.494871
0.010536
0.856782
0.961834
0.753315
0.309508
0.528168
0.659874
0.856782
0.375557
0.449917
0.150886
0.061853
0.416320
0.534929
0.050806
0.845248
0.845248
0.698284
0.456208
0.833382
0.353438
0.054091
0.196269
0.565535
0.342708
0.673945
0.732903
0.746548
0.760042
