0.060591
0.037386
0.967432
0.045735
0.726032
0.437474
0.753315
0.617636
0.910872
0.369946
0.928349
0.065148
0.203341
0.680967
0.123878
0.815009
0.443672
0.437474
0.652832
0.881257
0.753315
0.089877
0.799391
0.035452
0.319514
0.687978
0.196269
0.189398
0.110374
0.294921
0.260777
0.462545
0.364388
0.265165
0.687978
0.004602
0.410341
0.732903
0.607295
0.063139
0.381222
0.314483
0.047704
0.638743
0.443672
0.786488
0.614310
0.593305
0.586333
0.443672
0.153709
0.719131
0.443672
0.119225
0.544950
0.766726
0.802412
0.174743
0.607295
0.631702
0.369946
0.779952
0.494871
0.958842
0.177934
0.148107
0.036592
0.993324
0.434555
0.375557
0.851058
0.449917
0.419169
0.165451
0.334944
0.392713
0.712205
0.040722
0.132333
0.739743
0.381222
0.596613
0.901437
0.186038
0.970039
0.109365
0.078971
0.680967
0.375557
0.314483
0.186038
0.065784
0.150886
0.839356
0.558648
0.712205
0.278663
0.446953
0.014997
0.235604
