0.189398
0.992290
0.047704
0.924159
0.456208
0.961834
0.082990
0.786488
0.386941
0.680967
0.462545
0.924159
0.779952
0.356298
0.369946
0.437474
0.294921
0.833382
0.294921
0.593305
0.558648
0.324601
0.827331
0.873406
0.779952
0.873406
0.045735
0.827331
0.779952
0.027928
0.715853
0.766726
0.760042
0.192809
0.799391
0.081343
0.150886
0.051880
0.079726
0.299727
0.851058
0.631702
0.462545
0.131151
0.475349
0.304589
0.586333
0.428427
0.694975
0.659874
0.419169
0.345510
0.137423
0.701955
0.428427
0.786488
0.235604
0.345510
0.558648
0.018149
0.404413
0.212370
0.915418
0.381222
0.732903
0.280840
0.666913
0.906211
0.369946
0.299727
0.210617
0.324601
0.304589
0.086372
0.945583
0.856782
0.416320
0.022179
0.239663
0.992290
0.294921
0.565535
0.494871
0.468925
0.544950
0.924159
0.867958
0.422349
0.404413
0.102105
0.779952
0.047704
0.701955
0.607295
0.600293
0.231599
0.508082
0.919848
0.017747
0.031824
