0.169963
0.189398
0.786488
0.517910
0.027324
0.437474
0.932418
0.186038
0.958842
0.000769
0.345510
0.687978
0.579380
0.680967
0.987120
0.815009
0.018560
0.558648
0.928349
0.698284
0.381222
0.014997
0.283274
0.786488
0.666913
0.673945
0.997879
0.243777
0.239663
0.227647
0.501457
0.544950
0.468925
0.416320
0.494871
0.579380
0.481816
0.501457
0.101163
0.060591
0.156577
0.162447
0.624665
0.815009
0.001102
0.924159
0.521438
0.936363
0.572447
0.896552
0.456208
0.082990
0.652832
0.247945
0.839356
0.958842
0.042491
0.199779
0.111505
0.398537
0.481816
0.099199
0.319514
0.243777
0.833382
0.082990
0.538143
0.851058
0.614310
0.955720
0.304589
0.210617
0.886460
0.680967
0.760042
0.011549
0.304589
0.544950
0.000713
0.001653
0.659874
0.524622
0.985553
0.000277
0.766726
0.287941
0.708915
0.475349
0.987120
0.955720
0.110374
0.192809
0.116956
0.760042
0.381222
0.851058
0.381222
0.367306
0.666913
0.652832
