0.786488
0.621335
0.579380
0.256445
0.508082
0.614310
0.964698
0.746548
0.579380
0.422349
0.419169
0.475349
0.558648
0.659874
0.910872
0.845248
0.274108
0.614310
0.404413
0.998961
0.475349
0.687978
0.358886
0.468925
0.538143
0.924159
0.659874
0.299727
0.340199
0.521438
0.443672
0.517910
0.364388
0.856782
0.239663
0.579380
0.901437
0.462545
0.369946
0.779952
0.621335
0.269609
0.324601
0.779952
0.381222
0.364388
0.475349
0.309508
0.095372
0.680967
0.364388
0.687978
0.514742
0.290171
0.753315
0.267263
0.915418
0.119225
0.666913
0.475349
0.958842
0.431323
0.247945
0.815009
0.055229
0.991157
0.851058
0.145372
0.628368
0.434555
0.456208
0.910872
0.607295
0.280840
0.443672
0.687978
0.952469
0.544950
0.334944
0.446953
0.991157
0.666913
0.862416
0.638743
0.148107
0.475349
0.896552
0.833382
0.508082
0.235604
0.851058
0.283274
0.462545
0.449917
0.216111
0.760042
0.247945
0.839356
0.753315
0.910872
