0.967432
0.652832
0.961834
0.462545
0.666913
0.833382
0.753315
0.544950
0.071377
0.593305
0.088109
0.967432
0.173082
0.796018
0.845248
0.773363
0.732903
0.839356
0.991157
0.680967
0.299727
0.779952
0.145372
0.989919
0.511232
0.617636
0.565535
0.955720
0.919848
0.999213
0.040722
0.881257
0.786488
0.932418
0.345510
0.673945
0.919848
0.694975
0.194624
0.773363
0.319514
0.915418
0.462545
0.958842
0.773363
0.294921
0.851058
0.624665
0.419169
0.901437
0.901437
0.334944
0.392713
0.586333
0.511232
0.773363
0.856782
0.329745
0.614310
0.760042
0.779952
0.607295
0.297443
0.148107
0.739743
0.712205
0.739743
0.726032
0.631702
0.786488
0.475349
0.449917
0.364388
0.003625
0.851058
0.410341
0.856782
0.600293
0.314483
0.906211
0.760042
0.544950
0.392713
0.410341
0.732903
0.256445
0.808743
0.504591
0.815009
0.753315
0.919848
0.992290
0.779952
0.079726
0.851058
0.680967
0.845248
0.722767
0.753315
0.586333
