0.265165
0.404413
0.645787
0.462545
0.586333
0.673945
0.538143
0.456208
0.760042
0.680967
0.753315
0.481816
0.827331
0.544950
0.932418
0.225794
0.593305
0.329745
0.659874
0.280840
0.701955
0.910872
0.410341
0.304589
0.538143
0.964698
0.607295
0.133656
0.551785
0.579380
0.314483
0.039863
0.565535
0.166890
0.446953
0.666913
0.873406
0.955720
0.206953
0.340199
0.572447
0.753315
0.645787
0.196269
0.779952
0.210617
0.386941
0.967432
0.726032
0.919848
0.378532
0.732903
0.021216
0.210617
0.524622
0.319514
0.760042
0.153709
0.521438
0.572447
0.845248
0.392713
0.528168
0.839356
0.028545
0.015690
0.324601
0.766726
0.845248
0.565535
0.449917
0.987120
0.924159
0.514742
0.901437
0.958842
0.456208
0.924159
0.586333
0.673945
0.386941
0.746548
0.456208
0.694975
0.746548
0.579380
0.833382
0.538143
0.964698
0.152367
0.192809
0.631702
0.162447
0.050806
0.475349
0.666913
0.121532
0.786488
0.673945
0.845248
