0.833382
0.123878
0.760042
0.162447
0.645787
0.845248
0.488323
0.652832
0.572447
0.610616
0.952469
0.906211
0.514742
0.088109
0.544950
0.600293
0.881257
0.851058
0.494871
0.038195
0.680967
0.705254
0.989919
0.958842
0.422349
0.119225
0.544950
0.350877
0.481816
0.579380
0.958842
0.766726
0.821206
0.928349
0.256445
0.988575
0.961834
0.063139
0.638743
0.462545
0.153709
0.856782
0.071377
0.766726
0.802412
0.437474
0.851058
0.607295
0.967432
0.227647
0.260777
0.607295
0.572447
0.746548
0.666913
0.020750
0.501457
0.177934
0.631702
0.475349
0.140030
0.961834
0.531367
0.334944
0.356298
0.815009
0.392713
0.294921
0.726032
0.666913
0.739743
0.558648
0.283274
0.069940
0.694975
0.551785
0.687978
0.033573
0.851058
0.906211
0.586333
0.071377
0.404413
0.726032
0.941949
0.992290
0.422349
0.845248
0.047704
0.099199
0.600293
0.666913
0.910872
0.760042
0.631702
0.779952
0.508082
0.821206
0.910872
0.081343
