0.069940
0.192809
0.845248
0.481816
0.192809
0.631702
0.967432
0.726032
0.862416
0.398537
0.952469
0.165451
0.551785
0.369946
0.521438
0.708915
0.304589
0.719131
0.128687
0.538143
0.910872
0.260777
0.586333
0.319514
0.610616
0.165451
0.428427
0.059353
0.680967
0.551785
0.558648
0.419169
0.760042
0.206953
0.827331
0.952469
0.307171
0.110374
0.746548
0.680967
0.018980
0.924159
0.462545
0.481816
0.739743
0.839356
0.652832
0.218100
0.504591
0.434555
0.410341
0.046710
0.746548
0.673945
0.353438
0.726032
0.334944
0.392713
0.110374
0.269609
0.614310
0.443672
0.565535
0.121532
0.760042
0.324601
0.873406
0.600293
0.766726
0.239663
0.687978
0.501457
0.142680
0.827331
0.260777
0.012090
0.928349
0.753315
0.786488
0.179463
0.993324
0.068529
0.666913
0.544950
0.565535
0.314483
0.501457
0.511232
0.521438
0.792968
0.044778
0.652832
0.410341
0.227647
0.624665
0.501457
0.475349
0.896552
0.488323
0.694975
