0.687978
0.760042
0.260777
0.558648
0.680967
0.753315
0.586333
0.285477
0.915418
0.324601
0.023949
0.278663
0.196269
0.565535
0.719131
0.309508
0.666913
0.833382
0.481816
0.443672
0.827331
0.314483
0.048718
0.218100
0.294921
0.746548
0.891559
0.088109
0.873406
0.428427
0.106169
0.779952
0.297443
0.260777
0.468925
0.901437
0.342708
0.386941
0.786488
0.687978
0.845248
0.256445
0.652832
0.299727
0.955720
0.007535
0.621335
0.071377
0.148107
0.955720
0.076579
0.614310
0.867958
0.579380
0.369946
0.356298
0.171598
0.856782
0.906211
0.285477
0.223749
0.494871
0.680967
0.617636
0.739743
0.673945
0.431323
0.186038
0.659874
0.214332
0.032855
0.833382
0.833382
0.468925
0.456208
0.386941
0.961834
0.278663
0.586333
0.910872
0.398537
0.964698
0.182726
0.645787
0.010297
0.528168
0.386941
0.239663
0.955720
0.058138
0.878757
0.600293
0.694975
0.108254
0.428427
0.356298
0.773363
0.309508
0.815009
0.276259
