0.045735
0.446953
0.375557
0.404413
0.036592
0.528168
0.381222
0.494871
0.334944
0.199779
0.715853
0.294921
0.964698
0.048718
0.766726
0.276259
0.033956
0.862416
0.833382
0.278663
0.050806
0.434555
0.260777
0.558648
0.833382
0.050806
0.645787
0.361775
0.607295
0.304589
0.673945
0.698284
0.915418
0.919848
0.607295
0.369946
0.036592
0.949090
0.972517
0.044778
0.241822
0.089877
0.501457
0.694975
0.038195
0.302279
0.156577
0.739743
0.624665
0.766726
0.392713
0.307171
0.056388
0.443672
0.011817
0.558648
0.910872
0.786488
0.206953
0.309508
0.081343
0.753315
0.910872
0.558648
0.468925
0.350877
0.851058
0.093508
0.021216
0.558648
0.726032
0.999213
0.708915
0.375557
0.821206
0.020750
0.278663
0.049752
0.046710
0.245964
0.815009
0.494871
0.283274
0.235604
0.155213
0.314483
0.638743
0.049752
0.579380
0.833382
0.152367
0.572447
0.299727
0.631702
0.827331
0.961834
0.873406
0.334944
0.726032
0.034305
