0.256445
0.182726
0.572447
0.919848
0.386941
0.358886
0.856782
0.475349
0.815009
0.600293
0.558648
0.002958
0.766726
0.150886
0.779952
0.299727
0.186038
0.961834
0.593305
0.739743
0.945583
0.210617
0.071377
0.304589
0.247945
0.329745
0.579380
0.247945
0.544950
0.494871
0.511232
0.760042
0.928349
0.003625
0.025584
0.047704
0.221921
0.369946
0.856782
0.304589
0.142680
0.398537
0.972517
0.952469
0.488323
0.462545
0.016414
0.375557
0.192809
0.680967
0.456208
0.468925
0.304589
0.551785
0.896552
0.992290
0.659874
0.000629
0.034305
0.753315
0.501457
0.375557
0.586333
0.565535
0.462545
0.269609
0.165451
0.924159
0.501457
0.243777
0.779952
0.428427
0.508082
0.833382
0.906211
0.245964
0.680967
0.961834
0.239663
0.369946
0.958842
0.340199
0.891559
0.494871
0.462545
0.016048
0.638743
0.052975
0.856782
0.565535
0.538143
0.309508
0.468925
0.624665
0.928349
0.468925
0.000169
0.014011
0.746548
0.694975
