0.593305
0.786488
0.987120
0.126262
0.867958
0.856782
0.123878
0.314483
0.304589
0.802412
0.766726
0.039863
0.446953
0.833382
0.488323
0.369946
0.779952
0.928349
0.494871
0.166890
0.970039
0.299727
0.468925
0.071377
0.521438
0.210617
0.456208
0.673945
0.214332
0.364388
0.701955
0.142680
0.292664
0.058138
0.067143
0.501457
0.324601
0.462545
0.369946
0.422349
0.786488
0.958842
0.203341
0.462545
0.114725
0.203341
0.538143
0.534929
0.967432
0.128687
0.235604
0.345510
0.299727
0.398537
0.928349
0.091676
0.088109
0.078138
0.786488
0.924159
0.290171
0.324601
0.666913
0.256445
0.544950
0.137423
0.753315
0.345510
0.538143
0.694975
0.235604
0.766726
0.054091
0.032855
0.779952
0.628368
0.645787
0.428427
0.694975
0.856782
0.967432
0.089877
0.381222
0.952469
0.319514
0.088109
0.446953
0.766726
0.410341
0.437474
0.528168
0.084666
0.919848
0.773363
0.156577
0.153709
0.004997
0.708915
0.494871
0.223749
