0.617636
0.544950
0.025028
0.851058
0.063139
0.010781
0.294921
0.269609
0.534929
0.851058
0.002187
0.168501
0.531367
0.773363
0.851058
0.544950
0.538143
0.036592
0.186038
0.367306
0.974869
0.004285
0.680967
0.119225
0.732903
0.701955
0.910872
0.680967
0.928349
0.961834
0.138790
0.924159
0.440730
0.468925
0.901437
0.110374
0.910872
0.345510
0.269609
0.342708
0.551785
0.058138
0.915418
0.715853
0.586333
0.110374
0.786488
0.353438
0.256445
0.593305
0.856782
0.501457
0.993324
0.701955
0.043403
0.614310
0.488323
0.906211
0.199779
0.166890
0.919848
0.459538
0.100125
0.243777
0.501457
0.245964
0.227647
0.955720
0.314483
0.680967
0.192809
0.235604
0.867958
0.600293
0.827331
0.314483
0.910872
0.361775
0.049752
0.369946
0.034305
0.666913
0.528168
0.856782
0.001613
0.862416
0.179463
0.488323
0.862416
0.851058
0.862416
0.967432
0.508082
0.410341
0.607295
0.269609
0.964698
0.839356
0.208682
0.760042
