0.766726
0.235604
0.673945
0.524622
0.753315
0.544950
0.766726
0.235604
0.004493
0.142680
0.304589
0.600293
0.773363
0.998659
0.624665
0.955720
0.572447
0.443672
0.760042
0.043403
0.007535
0.040722
0.726032
0.928349
0.404413
0.821206
0.531367
0.766726
0.680967
0.708915
0.851058
0.786488
0.862416
0.534929
0.579380
0.422349
0.369946
0.416320
0.196269
0.766726
0.235604
0.779952
0.443672
0.192809
0.443672
0.833382
0.398537
0.687978
0.891559
0.719131
0.910872
0.924159
0.521438
0.514742
0.593305
0.398537
0.372892
0.680967
0.773363
0.206953
0.572447
0.955720
0.773363
0.739743
0.156577
0.666913
0.753315
0.652832
0.012370
0.659874
0.369946
0.219903
0.949090
0.068529
0.064449
0.462545
0.712205
0.425222
0.961834
0.299727
0.773363
0.299727
0.000454
0.808743
0.203341
0.398537
0.766726
0.638743
0.624665
0.906211
0.845248
0.614310
0.621335
0.967432
0.919848
0.297443
0.786488
0.410341
0.162447
0.659874
