0.746548
0.624665
0.319514
0.652832
0.091676
0.012090
0.260777
0.645787
0.746548
0.214332
0.468925
0.179463
0.799391
0.179463
0.779952
0.462545
0.462545
0.029174
0.304589
0.319514
0.666913
0.260777
0.084666
0.659874
0.851058
0.443672
0.673945
0.494871
0.779952
0.746548
0.475349
0.694975
0.687978
0.881257
0.659874
0.173082
0.845248
0.375557
0.319514
0.558648
0.712205
0.319514
0.468925
0.579380
0.833382
0.488323
0.010297
0.701955
0.358886
0.856782
0.269609
0.274108
0.666913
0.565535
0.910872
0.687978
0.392713
0.093508
0.437474
0.437474
0.475349
0.719131
0.856782
0.324601
0.171598
0.052975
0.712205
0.915418
0.309508
0.067143
0.538143
0.961834
0.565535
0.290171
0.851058
0.274108
0.766726
0.802412
0.551785
0.020293
0.392713
0.121532
0.680967
0.319514
0.481816
0.060591
0.932418
0.443672
0.773363
0.329745
0.586333
0.760042
0.565535
0.833382
0.779952
0.572447
0.638743
0.815009
0.227647
0.392713
