0.845248
0.896552
0.192809
0.243777
0.340199
0.983870
0.375557
0.551785
0.481816
0.340199
0.896552
0.538143
0.673945
0.551785
0.694975
0.392713
0.572447
0.827331
0.462545
0.652832
0.645787
0.514742
0.511232
0.955720
0.572447
0.579380
0.260777
0.514742
0.638743
0.002296
0.631702
0.140030
0.156577
0.227647
0.456208
0.945583
0.367306
0.579380
0.862416
0.839356
0.827331
0.964698
0.035815
0.652832
0.404413
0.398537
0.808743
0.845248
0.016414
0.521438
0.579380
0.896552
0.873406
0.055775
0.732903
0.589633
0.856782
0.413167
0.739743
0.334944
0.974869
0.265165
0.760042
0.666913
0.624665
0.901437
0.278663
0.779952
0.014661
0.091676
0.773363
0.961834
0.229720
0.610616
0.851058
0.278663
0.746548
0.821206
0.593305
0.732903
0.851058
0.285477
0.392713
0.572447
0.680967
0.517910
0.845248
0.199779
0.786488
0.329745
0.381222
0.701955
0.001844
0.906211
0.419169
0.586333
0.102105
0.955720
0.494871
0.514742
