0.964698
0.481816
0.645787
0.174743
0.919848
0.910872
0.386941
0.269609
0.274108
0.524622
0.992290
0.042491
0.514742
0.297443
0.845248
0.792968
0.851058
0.958842
0.381222
0.673945
0.221921
0.524622
0.867958
0.314483
0.422349
0.297443
0.856782
0.064449
0.020293
0.137423
0.292664
0.494871
0.285477
0.340199
0.428427
0.961834
0.955720
0.468925
0.983870
0.766726
0.928349
0.358886
0.174743
0.428427
0.517910
0.766726
0.319514
0.862416
0.241822
0.845248
0.593305
0.002033
0.342708
0.501457
0.292664
0.719131
0.475349
0.428427
0.955720
0.910872
0.827331
0.638743
0.680967
0.739743
0.827331
0.839356
0.304589
0.773363
0.329745
0.214332
0.652832
0.177934
0.928349
0.121532
0.063139
0.992290
0.746548
0.235604
0.919848
0.972517
0.617636
0.422349
0.422349
0.358886
0.992290
0.055229
0.593305
0.241822
0.856782
0.867958
0.000362
0.106169
0.680967
0.356298
0.294921
0.565535
0.107262
0.833382
0.910872
0.815009
