0.786488
0.652832
0.348045
0.148107
0.680967
0.398537
0.705254
0.148107
0.746548
0.531367
0.153709
0.239663
0.392713
0.159489
0.001736
0.210617
0.381222
0.586333
0.431323
0.196269
0.827331
0.079726
0.398537
0.247945
0.558648
0.256445
0.001309
0.048718
0.924159
0.705254
0.694975
0.189398
0.638743
0.967432
0.964698
0.398537
0.314483
0.093508
0.964698
0.514742
0.739743
0.524622
0.437474
0.586333
0.955720
0.000432
0.142680
0.919848
0.456208
0.481816
0.239663
0.097269
0.299727
0.159489
0.687978
0.821206
0.645787
0.856782
0.203341
0.449917
0.607295
0.189398
0.856782
0.247945
0.068529
0.084666
0.026152
0.760042
0.000192
0.104120
0.701955
0.906211
0.431323
0.112531
0.919848
0.381222
0.687978
0.168501
0.422349
0.544950
0.531367
0.369946
0.673945
0.739743
0.008080
0.726032
0.593305
0.049752
0.078971
0.006035
0.475349
0.821206
0.551785
0.345510
0.624665
0.726032
0.928349
0.924159
0.186038
0.340199
