0.422349
0.638743
0.792968
0.219903
0.680967
0.565535
0.873406
0.000662
0.631702
0.862416
0.020293
0.297443
0.123878
0.851058
0.673945
0.600293
0.919848
0.386941
0.398537
0.003625
0.666913
0.988575
0.808743
0.120434
0.243777
0.494871
0.422349
0.145372
0.265165
0.851058
0.443672
0.666913
0.001023
0.475349
0.766726
0.456208
0.551785
0.329745
0.815009
0.340199
0.481816
0.792968
0.419169
0.007191
0.856782
0.726032
0.607295
0.278663
0.631702
0.174743
0.121532
0.928349
0.544950
0.586333
0.645787
0.079726
0.110374
0.936363
0.579380
0.086372
0.148107
0.739743
0.029816
0.610616
0.906211
0.544950
0.243777
0.002134
0.034305
0.165451
0.753315
0.694975
0.093508
0.924159
0.037386
0.223749
0.746548
0.443672
0.694975
0.906211
0.694975
0.108254
0.004997
0.867958
0.517910
0.434555
0.080574
0.983870
0.278663
0.123878
0.508082
0.369946
0.680967
0.456208
0.002033
0.189398
0.694975
0.915418
0.726032
0.192809
