0.501457
0.845248
0.827331
0.243777
0.579380
0.494871
0.901437
0.027324
0.753315
0.501457
0.086372
0.481816
0.462545
0.827331
0.229720
0.760042
0.494871
0.673945
0.881257
0.192809
0.422349
0.319514
0.524622
0.260777
0.551785
0.746548
0.434555
0.404413
0.206953
0.924159
0.565535
0.009726
0.131151
0.694975
0.488323
0.012222
0.229720
0.687978
0.896552
0.283274
0.845248
0.746548
0.524622
0.760042
0.673945
0.666913
0.645787
0.443672
0.910872
0.494871
0.673945
0.494871
0.314483
0.786488
0.199779
0.614310
0.746548
0.792968
0.132333
0.631702
0.297443
0.910872
0.786488
0.434555
0.856782
0.269609
0.680967
0.348045
0.760042
0.652832
0.572447
0.353438
0.726032
0.269609
0.434555
0.231599
0.063139
0.680967
0.410341
0.398537
0.833382
0.142680
0.673945
0.760042
0.206953
0.121532
0.815009
0.475349
0.593305
0.760042
0.334944
0.565535
0.779952
0.008867
0.621335
0.159489
0.600293
0.137423
0.020293
0.191187
