0.494871
0.949090
0.000166
0.114725
0.340199
0.018980
0.766726
0.551785
0.715853
0.434555
0.833382
0.753315
0.701955
0.652832
0.999581
0.753315
0.345510
0.002751
0.786488
0.551785
0.715853
0.361775
0.645787
0.753315
0.779952
0.659874
0.906211
0.694975
0.760042
0.964698
0.106169
0.481816
0.924159
0.214332
0.694975
0.565535
0.358886
0.026732
0.093508
0.475349
0.375557
0.000158
0.012370
0.356298
0.087282
0.760042
0.319514
0.099199
0.998961
0.488323
0.133656
0.462545
0.753315
0.009287
0.247945
0.381222
0.514742
0.924159
0.422349
0.456208
0.348045
0.235604
0.551785
0.078971
0.970039
0.446953
0.252167
0.375557
0.652832
0.398537
0.127406
0.511232
0.488323
0.521438
0.659874
0.159489
0.078138
0.000143
0.153709
0.462545
0.116956
0.851058
0.687978
0.302279
0.760042
0.760042
0.398537
0.827331
0.856782
0.773363
0.827331
0.760042
0.314483
0.827331
0.468925
0.416320
0.278663
0.422349
0.462545
0.603608
