0.915418
0.694975
0.364388
0.593305
0.972517
0.856782
0.375557
0.292664
0.687978
0.746548
0.488323
0.372892
0.915418
0.565535
0.468925
0.964698
0.621335
0.851058
0.517910
0.361775
0.862416
0.919848
0.666913
0.534929
0.645787
0.673945
0.652832
0.156577
0.243777
0.364388
0.181174
0.319514
0.358886
0.287941
0.334944
0.243777
0.666913
0.919848
0.766726
0.766726
0.501457
0.524622
0.283274
0.593305
0.340199
0.319514
0.534929
0.766726
0.839356
0.468925
0.760042
0.106169
0.369946
0.600293
0.324601
0.666913
0.119225
0.701955
0.732903
0.732903
0.680967
0.593305
0.862416
0.652832
0.839356
0.910872
0.760042
0.050806
0.514742
0.095372
0.673945
0.600293
0.593305
0.119225
0.726032
0.698284
0.586333
0.036592
0.915418
0.786488
0.449917
0.600293
0.773363
0.786488
0.666913
0.521438
0.786488
0.565535
0.572447
0.856782
0.007025
0.243777
0.694975
0.023183
0.666913
0.247945
0.356298
0.243777
0.833382
0.766726
