0.340199
0.708915
0.027324
0.746548
0.600293
0.708915
0.035815
0.538143
0.012222
0.216111
0.324601
0.481816
0.050806
0.579380
0.915418
0.779952
0.766726
0.174743
0.290171
0.290171
0.025028
0.063139
0.099199
0.437474
0.265165
0.572447
0.915418
0.746548
0.617636
0.579380
0.443672
0.815009
0.227647
0.958842
0.494871
0.488323
0.020293
0.586333
0.494871
0.274108
0.708915
0.011032
0.901437
0.002685
0.002958
0.038195
0.572447
0.082990
0.416320
0.099199
0.961834
0.945583
0.468925
0.961834
0.353438
0.624665
0.531367
0.521438
0.475349
0.988575
0.186038
0.329745
0.538143
0.572447
0.449917
0.694975
0.150886
0.206953
0.712205
0.666913
0.005758
0.034305
0.967432
0.265165
0.462545
0.998961
0.867958
0.732903
0.508082
0.708915
0.116956
0.369946
0.056945
0.078138
0.039021
0.488323
0.102105
0.345510
0.845248
0.845248
0.891559
0.746548
0.488323
0.425222
0.886460
0.449917
0.428427
0.833382
0.210617
0.106169
