0.488323
0.260777
0.964698
0.290171
0.862416
0.753315
0.989919
0.538143
0.739743
0.104120
0.097269
0.964698
0.712205
0.437474
0.760042
0.617636
0.786488
0.833382
0.726032
0.652832
0.896552
0.050806
0.544950
0.558648
0.945583
0.192809
0.538143
0.133656
0.607295
0.206953
0.531367
0.666913
0.294921
0.517910
0.074331
0.808743
0.008867
0.285477
0.867958
0.586333
0.072841
0.961834
0.638743
0.652832
0.173082
0.827331
0.919848
0.617636
0.381222
0.309508
0.148107
0.233700
0.867958
0.299727
0.392713
0.247945
0.182726
0.425222
0.579380
0.119225
0.013697
0.701955
0.680967
0.494871
0.329745
0.214332
0.269609
0.766726
0.381222
0.511232
0.680967
0.967432
0.494871
0.386941
0.875953
0.815009
0.488323
0.416320
0.773363
0.833382
0.964698
0.631702
0.652832
0.712205
0.038195
0.652832
0.544950
0.821206
0.726032
0.299727
0.367306
0.600293
0.086372
0.673945
0.462545
0.353438
0.025584
0.666913
0.203341
0.034305
