0.514742
0.116956
0.610616
0.910872
0.434555
0.065784
0.227647
0.915418
0.003803
0.886460
0.086372
0.192809
0.129849
0.404413
0.494871
0.534929
0.410341
0.019408
0.449917
0.027324
0.551785
0.719131
0.007535
0.037386
0.705254
0.708915
0.260777
0.416320
0.044778
0.481816
0.079726
0.579380
0.329745
0.173082
0.760042
0.156577
0.572447
0.468925
0.026152
0.586333
0.091676
0.808743
0.833382
0.060591
0.985553
0.815009
0.037386
0.045735
0.392713
0.488323
0.528168
0.280840
0.227647
0.586333
0.425222
0.287941
0.955720
0.000012
0.886460
0.340199
0.265165
0.013389
0.827331
0.174743
0.304589
0.851058
0.475349
0.517910
0.449917
0.256445
0.456208
0.449917
0.544950
0.001023
0.712205
0.845248
0.000828
0.873406
0.269609
0.039021
0.732903
0.309508
0.001498
0.985553
0.443672
0.014997
0.176249
0.468925
0.260777
0.446953
0.808743
0.010297
0.572447
0.280840
0.428427
0.386941
0.079726
0.808743
0.218100
0.494871
