0.985553
0.334944
0.739743
0.189398
0.375557
0.766726
0.645787
0.153709
0.808743
0.645787
0.600293
0.356298
0.345510
0.299727
0.140030
0.538143
0.739743
0.680967
0.645787
0.189398
0.631702
0.381222
0.361775
0.514742
0.501457
0.132333
0.369946
0.462545
0.416320
0.958842
0.845248
0.680967
0.437474
0.659874
0.544950
0.624665
0.088109
0.392713
0.243777
0.437474
0.340199
0.891559
0.150886
0.833382
0.901437
0.221921
0.680967
0.297443
0.631702
0.189398
0.348045
0.126262
0.579380
0.381222
0.873406
0.531367
0.449917
0.652832
0.815009
0.572447
0.014997
0.462545
0.119225
0.701955
0.970039
0.449917
0.280840
0.910872
0.054091
0.753315
0.779952
0.265165
0.256445
0.815009
0.961834
0.786488
0.833382
0.340199
0.247945
0.856782
0.896552
0.153709
0.827331
0.468925
0.410341
0.579380
0.191187
0.739743
0.142680
0.137423
0.488323
0.673945
0.739743
0.614310
0.952469
0.299727
0.314483
0.449917
0.324601
0.049752
