0.446953
0.287941
0.680967
0.364388
0.372892
0.434555
0.247945
0.896552
0.961834
0.701955
0.055229
0.862416
0.134857
0.004997
0.712205
0.901437
0.125128
0.786488
0.290171
0.958842
0.906211
0.708915
0.199779
0.314483
0.524622
0.055775
0.617636
0.833382
0.381222
0.252167
0.631702
0.508082
0.199779
0.607295
0.773363
0.851058
0.565535
0.243777
0.019846
0.600293
0.146806
0.766726
0.227647
0.856782
0.687978
0.932418
0.304589
0.063139
0.102105
0.134857
0.815009
0.051880
0.833382
0.247945
0.314483
0.287941
0.319514
0.851058
0.701955
0.732903
0.919848
0.299727
0.108254
0.243777
0.287941
0.786488
0.565535
0.221921
0.260777
0.607295
0.475349
0.961834
0.020293
0.891559
0.531367
0.504591
0.614310
0.593305
0.621335
0.237734
0.494871
0.290171
0.992290
0.593305
0.701955
0.243777
0.084666
0.712205
0.018149
0.719131
0.544950
0.475349
0.468925
0.839356
0.792968
0.468925
0.673945
0.614310
0.821206
0.593305
