0.732903
0.029816
0.915418
0.991157
0.299727
0.150886
0.766726
0.544950
0.945583
0.292664
0.404413
0.361775
0.906211
0.329745
0.999417
0.091676
0.919848
0.110374
0.687978
0.358886
0.833382
0.446953
0.766726
0.165451
0.760042
0.862416
0.964698
0.386941
0.000622
0.901437
0.760042
0.845248
0.005239
0.156577
0.274108
0.987120
0.551785
0.508082
0.271733
0.538143
0.171598
0.196269
0.991157
0.342708
0.514742
0.501457
0.138790
0.558648
0.753315
0.856782
0.392713
0.488323
0.005624
0.673945
0.666913
0.084666
0.173082
0.440730
0.958842
0.955720
0.538143
0.012090
0.314483
0.176249
0.404413
0.786488
0.593305
0.544950
0.924159
0.356298
0.645787
0.572447
0.003179
0.708915
0.896552
0.645787
0.964698
0.072841
0.239663
0.128687
0.468925
0.964698
0.342708
0.521438
0.334944
0.361775
0.827331
0.565535
0.862416
0.833382
0.218100
0.005492
0.851058
0.666913
0.026732
0.280840
0.446953
0.827331
0.544950
0.987120
