0.327086
0.718847
0.307728
0.872881
0.423711
0.810330
0.631227
0.483927
0.904483
0.337055
0.733857
0.841481
0.575479
0.674485
0.548506
0.872881
0.412216
0.888660
0.952156
0.589197
0.659937
0.764177
0.368120
0.483927
0.968093
0.645516
0.535258
0.280142
0.936237
0.952156
0.522173
0.483927
0.810330
0.368120
0.659937
0.984043
0.703945
0.298340
0.617075
0.603064
0.133614
0.936237
0.888660
0.337055
0.825871
0.936237
0.936237
0.872881
0.936237
0.200545
0.378859
0.764177
0.603064
0.483927
0.092957
0.718847
0.298340
0.016395
0.193601
0.920344
0.207669
0.748968
0.718847
0.575479
0.674485
0.603064
0.548506
0.703945
0.984043
0.575479
0.825871
0.984043
0.810330
0.089131
0.317311
0.904483
0.149867
0.936237
0.021448
0.561915
0.105232
0.764177
0.718847
0.230139
0.603064
0.904483
0.748968
0.200545
0.733857
0.968093
0.841481
0.561915
0.904483
0.841481
0.400908
0.327086
0.109599
0.509254
0.748968
0.589197
