0.648387
0.159044
0.203766
0.587007
0.439868
0.212245
0.949536
0.587007
0.037210
0.587007
0.499514
0.374306
0.159044
0.004936
0.159044
0.374306
0.439868
0.862457
0.125969
0.125969
0.203766
0.587007
0.862457
0.439868
0.648387
0.862457
0.374306
0.203766
0.713852
0.153190
0.125969
0.949536
0.125969
0.587007
0.441306
0.010501
0.862457
0.330688
0.212245
0.862457
0.713852
0.157494
0.439868
0.374306
0.020590
0.066920
0.157494
0.374306
0.499514
0.949536
0.159044
0.949536
0.159044
0.159044
0.587007
0.862457
0.330688
0.862457
0.949536
0.157494
0.374306
0.022669
0.862457
0.648387
0.648387
0.022669
0.499514
0.713852
0.039717
0.587007
0.037210
0.862457
0.499514
0.587007
0.439868
0.713852
0.648387
0.862457
0.587007
0.648387
0.862457
0.374306
0.159044
0.648387
0.862457
0.949536
0.374306
0.157494
0.374306
0.374306
0.125969
0.949536
0.862457
0.066920
0.862457
0.441306
0.374306
0.862457
0.153190
0.441306
