0.715853
0.786488
0.970039
0.307171
0.434555
0.687978
0.694975
0.453223
0.631702
0.404413
0.792968
0.221921
0.353438
0.243777
0.666913
0.302279
0.156577
0.746548
0.886460
0.967432
0.924159
0.302279
0.156577
0.645787
0.802412
0.992290
0.099199
0.534929
0.970039
0.187800
0.235604
0.088109
0.906211
0.993324
0.043403
0.252167
0.572447
0.970039
0.191187
0.231599
0.462545
0.988575
0.999581
0.044332
0.252167
0.659874
0.079726
0.928349
0.928349
0.361775
0.631702
0.247945
0.645787
0.967432
0.488323
0.071377
0.189398
0.419169
0.521438
0.182726
0.862416
0.856782
0.361775
0.086372
0.299727
0.958842
0.773363
0.334944
0.462545
0.243777
0.348045
0.521438
0.179463
0.821206
0.356298
0.856782
0.779952
0.367306
0.084666
0.304589
0.955720
0.851058
0.334944
0.462545
0.398537
0.169963
0.779952
0.086372
0.827331
0.593305
0.508082
0.334944
0.071377
0.862416
0.378532
0.544950
0.645787
0.235604
0.967432
0.565535
