0.290171
0.392713
0.067143
0.551785
0.049752
0.631702
0.243777
0.116956
0.381222
0.645787
0.021693
0.065784
0.773363
0.319514
0.121532
0.712205
0.072841
0.600293
0.910872
0.862416
0.196269
0.358886
0.017169
0.687978
0.753315
0.924159
0.705254
0.219903
0.247945
0.011549
0.773363
0.565535
0.687978
0.732903
0.425222
0.958842
0.488323
0.049752
0.319514
0.091676
0.666913
0.766726
0.915418
0.419169
0.896552
0.579380
0.392713
0.294921
0.008663
0.910872
0.319514
0.319514
0.269609
0.199779
0.796018
0.886460
0.579380
0.404413
0.239663
0.148107
0.375557
0.153709
0.645787
0.488323
0.159489
0.593305
0.456208
0.603608
0.998961
0.314483
0.340199
0.239663
0.243777
0.845248
0.422349
0.067143
0.314483
0.239663
0.398537
0.156577
0.680967
0.919848
0.166890
0.998659
0.579380
0.203341
0.666913
0.047704
0.845248
0.428427
0.186038
0.072841
0.896552
0.199779
0.037386
0.314483
0.687978
0.247945
0.345510
0.280840
