0.958842
0.906211
0.304589
0.760042
0.732903
0.121532
0.638743
0.915418
0.061853
0.624665
0.304589
0.016787
0.497986
0.294921
0.558648
0.239663
0.016048
0.145372
0.342708
0.726032
0.915418
0.235604
0.011817
0.369946
0.169963
0.449917
0.099199
0.999417
0.544950
0.416320
0.016967
0.732903
0.110374
0.659874
0.398537
0.901437
0.760042
0.544950
0.422349
0.004997
0.314483
0.033573
0.746548
0.214332
0.906211
0.659874
0.437474
0.862416
0.638743
0.514742
0.041135
0.652832
0.007361
0.468925
0.919848
0.958842
0.148107
0.719131
0.715853
0.129849
0.252167
0.538143
0.792968
0.004880
0.538143
0.517910
0.989919
0.579380
0.906211
0.015340
0.538143
0.534929
0.208682
0.964698
0.680967
0.524622
0.544950
0.786488
0.004997
0.827331
0.271733
0.989919
0.579380
0.906211
0.666913
0.010297
0.792968
0.102105
0.989919
0.593305
0.538143
0.856782
0.294921
0.544950
0.443672
0.038195
0.443672
0.064449
0.544950
0.468925
