0.589633
0.504591
0.802412
0.886460
0.047704
0.416320
0.285477
0.481816
0.645787
0.610616
0.886460
0.579380
0.638743
0.481816
0.431323
0.551785
0.558648
0.645787
0.919848
0.558648
0.102105
0.652832
0.392713
0.375557
0.766726
0.468925
0.796018
0.437474
0.808743
0.600293
0.437474
0.398537
0.815009
0.732903
0.739743
0.867958
0.565535
0.137423
0.404413
0.645787
0.256445
0.815009
0.544950
0.896552
0.974869
0.572447
0.324601
0.983870
0.610616
0.687978
0.827331
0.475349
0.949090
0.369946
0.386941
0.786488
0.462545
0.494871
0.221921
0.008270
0.475349
0.082990
0.508082
0.726032
0.924159
0.437474
0.369946
0.199779
0.600293
0.247945
0.274108
0.572447
0.121532
0.687978
0.993324
0.324601
0.018980
0.488323
0.910872
0.746548
0.456208
0.369946
0.189398
0.514742
0.319514
0.214332
0.673945
0.114725
0.600293
0.993324
0.410341
0.119225
0.827331
0.596613
0.821206
0.572447
0.739743
0.760042
0.732903
0.443672
