0.659874
0.915418
0.369946
0.375557
0.443672
0.928349
0.833382
0.652832
0.760042
0.833382
0.833382
0.260777
0.319514
0.579380
0.136202
0.004388
0.392713
0.680967
0.278663
0.773363
0.265165
0.004388
0.839356
0.410341
0.434555
0.851058
0.593305
0.381222
0.247945
0.097269
0.766726
0.645787
0.440730
0.680967
0.334944
0.666913
0.708915
0.243777
0.123878
0.862416
0.449917
0.446953
0.910872
0.278663
0.760042
0.792968
0.753315
0.753315
0.958842
0.565535
0.416320
0.544950
0.434555
0.494871
0.422349
0.126262
0.708915
0.093508
0.958842
0.081343
0.052975
0.386941
0.095372
0.099199
0.659874
0.607295
0.680967
0.773363
0.329745
0.514742
0.475349
0.827331
0.045735
0.746548
0.324601
0.501457
0.189398
0.095372
0.133656
0.638743
0.528168
0.760042
0.694975
0.392713
0.514742
0.475349
0.746548
0.045735
0.746548
0.558648
0.422349
0.694975
0.449917
0.732903
0.719131
0.572447
0.404413
0.177934
0.970039
0.404413
