0.367306
0.600293
0.016787
0.779952
0.551785
0.558648
0.867958
0.299727
0.132333
0.014505
0.049752
0.156577
0.003103
0.459538
0.514742
0.196269
0.002083
0.214332
0.384225
0.231599
0.600293
0.199779
0.001462
0.133656
0.384225
0.182726
0.572447
0.680967
0.119225
0.867958
0.000713
0.541722
0.121532
0.309508
0.779952
0.356298
0.121532
0.119225
0.970039
0.000563
0.174743
0.097269
0.565535
0.572447
0.514742
0.093508
0.964698
0.732903
0.071377
0.993324
0.019846
0.046246
0.023700
0.039021
0.494871
0.521438
0.239663
0.494871
0.425222
0.260777
0.334944
0.475349
0.924159
0.005624
0.107262
0.071377
0.753315
0.680967
0.514742
0.544950
0.673945
0.425222
0.260777
0.206953
0.851058
0.398537
0.666913
0.746548
0.005624
0.107262
0.075850
0.753315
0.659874
0.434555
0.551785
0.666913
0.719131
0.239663
0.206953
0.600293
0.645787
0.443672
0.856782
0.687978
0.243777
0.108254
0.013550
0.635407
0.064449
0.009953
