0.698284
0.358886
0.304589
0.073543
0.247945
0.416320
0.290171
0.121532
0.145372
0.419169
0.558648
0.131151
0.267263
0.760042
0.223749
0.456208
0.256445
0.364388
0.586333
0.600293
0.227647
0.456208
0.156577
0.617636
0.334944
0.687978
0.827331
0.789564
0.239663
0.579380
0.212370
0.652832
0.593305
0.919848
0.796018
0.006863
0.243777
0.381222
0.314483
0.169963
0.652832
0.514742
0.851058
0.517910
0.134857
0.364388
0.443672
0.901437
0.299727
0.055229
0.212370
0.910872
0.680967
0.680967
0.617636
0.497986
0.150886
0.235604
0.958842
0.039863
0.009833
0.456208
0.319514
0.337426
0.565535
0.766726
0.680967
0.517910
0.169963
0.375557
0.227647
0.955720
0.126262
0.280840
0.252167
0.906211
0.462545
0.381222
0.353438
0.544950
0.687978
0.680967
0.617636
0.276259
0.227647
0.645787
0.538143
0.119225
0.227647
0.309508
0.659874
0.544950
0.680967
0.425222
0.116956
0.324601
0.511232
0.851058
0.708915
0.631702
