0.915418
0.746548
0.381222
0.140030
0.008080
0.256445
0.896552
0.186038
0.924159
0.468925
0.381222
0.624665
0.928349
0.572447
0.294921
0.088109
0.833382
0.501457
0.065784
0.386941
0.531367
0.114725
0.901437
0.274108
0.148107
0.746548
0.375557
0.964698
0.475349
0.134857
0.967432
0.007280
0.437474
0.739743
0.398537
0.958842
0.999417
0.551785
0.140030
0.967432
0.072841
0.243777
0.815009
0.766726
0.961834
0.987120
0.497986
0.398537
0.827331
0.179463
0.766726
0.256445
0.726032
0.821206
0.760042
0.961834
0.987120
0.173082
0.739743
0.007894
0.456208
0.839356
0.035815
0.991157
0.101163
0.732903
0.732903
0.851058
0.746548
0.955720
0.497986
0.114725
0.064449
0.687978
0.833382
0.159489
0.551785
0.035052
0.992290
0.126262
0.645787
0.732903
0.915418
0.666913
0.952469
0.504591
0.150886
0.047704
0.915418
0.579380
0.196269
0.071377
0.181174
0.551785
0.235604
0.726032
0.792968
0.182726
0.906211
0.839356
