0.058138
0.624665
0.182726
0.369946
0.468925
0.392713
0.443672
0.319514
0.210617
0.276259
0.645787
0.766726
0.558648
0.392713
0.511232
0.915418
0.329745
0.247945
0.319514
0.038195
0.290171
0.910872
0.265165
0.247945
0.652832
0.039021
0.666913
0.565535
0.726032
0.845248
0.214332
0.071377
0.290171
0.416320
0.494871
0.514742
0.462545
0.617636
0.845248
0.340199
0.089877
0.247945
0.404413
0.680967
0.694975
0.494871
0.372892
0.140030
0.624665
0.247945
0.508082
0.243777
0.443672
0.410341
0.680967
0.701955
0.329745
0.621335
0.638743
0.039863
0.116956
0.538143
0.746548
0.593305
0.381222
0.142680
0.501457
0.687978
0.422349
0.766726
0.283274
0.833382
0.299727
0.773363
0.428427
0.773363
0.046710
0.839356
0.494871
0.449917
0.150886
0.501457
0.839356
0.422349
0.501457
0.534929
0.624665
0.243777
0.851058
0.428427
0.867958
0.753315
0.481816
0.227647
0.247945
0.572447
0.645787
0.481816
0.145372
0.760042
