0.875953
0.961834
0.645787
0.666913
0.165451
0.673945
0.456208
0.428427
0.961834
0.955720
0.265165
0.851058
0.760042
0.821206
0.906211
0.410341
0.833382
0.919848
0.235604
0.223749
0.958842
0.410341
0.988575
0.919848
0.531367
0.134857
0.428427
0.196269
0.833382
0.600293
0.964698
0.638743
0.896552
0.148107
0.221921
0.010536
0.802412
0.827331
0.607295
0.988575
0.992290
0.358886
0.235604
0.269609
0.020750
0.719131
0.991157
0.089877
0.475349
0.786488
0.958842
0.845248
0.437474
0.294921
0.600293
0.050806
0.886460
0.324601
0.544950
0.565535
0.294921
0.095372
0.694975
0.565535
0.462545
0.983870
0.114725
0.593305
0.617636
0.524622
0.680967
0.067143
0.468925
0.375557
0.572447
0.992290
0.089877
0.607295
0.652832
0.924159
0.517910
0.142680
0.508082
0.624665
0.517910
0.766726
0.052975
0.468925
0.375557
0.652832
0.972517
0.815009
0.833382
0.833382
0.572447
0.839356
0.919848
0.739743
0.223749
0.924159
