0.558648
0.753315
0.551785
0.206953
0.153709
0.334944
0.319514
0.773363
0.708915
0.746548
0.901437
0.501457
0.856782
0.694975
0.156577
0.827331
0.521438
0.779952
0.488323
0.821206
0.203341
0.551785
0.708915
0.501457
0.773363
0.631702
0.766726
0.886460
0.558648
0.422349
0.867958
0.673945
0.851058
0.565535
0.732903
0.538143
0.100125
0.456208
0.422349
0.873406
0.851058
0.760042
0.475349
0.732903
0.815009
0.081343
0.572447
0.294921
0.386941
0.508082
0.932418
0.766726
0.991157
0.906211
0.114725
0.746548
0.082990
0.839356
0.364388
0.701955
0.652832
0.012655
0.607295
0.422349
0.159489
0.673945
0.659874
0.631702
0.821206
0.034305
0.851058
0.048718
0.792968
0.475349
0.867958
0.964698
0.004602
0.694975
0.422349
0.168501
0.565535
0.746548
0.652832
0.719131
0.034305
0.915418
0.091676
0.501457
0.468925
0.928349
0.967432
0.833382
0.579380
0.845248
0.886460
0.528168
0.856782
0.773363
0.989919
0.558648
