0.285477
0.645787
0.404413
0.827331
0.319514
0.247945
0.732903
0.210617
0.116956
0.624665
0.845248
0.304589
0.827331
0.475349
0.732903
0.586333
0.712205
0.072841
0.988575
0.247945
0.462545
0.586333
0.712205
0.072841
0.958842
0.153709
0.666913
0.082990
0.168501
0.827331
0.551785
0.192809
0.652832
0.572447
0.112531
0.475349
0.276259
0.329745
0.961834
0.456208
0.189398
0.839356
0.565535
0.142680
0.398537
0.348045
0.845248
0.579380
0.851058
0.551785
0.119225
0.243777
0.252167
0.475349
0.063139
0.128687
0.173082
0.992290
0.708915
0.845248
0.531367
0.766726
0.456208
0.462545
0.196269
0.901437
0.126262
0.048718
0.206953
0.425222
0.845248
0.614310
0.565535
0.886460
0.231599
0.179463
0.766726
0.753315
0.239663
0.196269
0.901437
0.123878
0.048718
0.256445
0.353438
0.924159
0.593305
0.488323
0.886460
0.227647
0.235604
0.329745
0.468925
0.182726
0.760042
0.088109
0.071377
0.827331
0.165451
0.386941
