0.673945
0.739743
0.821206
0.314483
0.827331
0.961834
0.652832
0.659874
0.760042
0.189398
0.821206
0.845248
0.475349
0.544950
0.958842
0.845248
0.988575
0.827331
0.739743
0.129849
0.833382
0.673945
0.958842
0.827331
0.732903
0.216111
0.404413
0.732903
0.732903
0.851058
0.652832
0.638743
0.443672
0.468925
0.456208
0.081343
0.231599
0.955720
0.565535
0.753315
0.531367
0.449917
0.381222
0.659874
0.075047
0.186038
0.666913
0.462545
0.631702
0.666913
0.256445
0.449917
0.808743
0.652832
0.906211
0.169963
0.808743
0.910872
0.726032
0.652832
0.514742
0.815009
0.915418
0.845248
0.896552
0.142680
0.558648
0.839356
0.032855
0.364388
0.833382
0.726032
0.746548
0.593305
0.645787
0.680967
0.719131
0.967432
0.845248
0.808743
0.551785
0.148107
0.915418
0.030787
0.299727
0.839356
0.821206
0.645787
0.673945
0.565535
0.845248
0.919848
0.524622
0.386941
0.839356
0.659874
0.247945
0.739743
0.419169
0.906211
