0.586333
0.586333
0.600293
0.572447
0.739743
0.760042
0.773363
0.732903
0.760042
0.694975
0.645787
0.766726
0.766726
0.610616
0.773363
0.915418
0.988575
0.186038
0.919848
0.827331
0.773363
0.915418
0.958842
0.364388
0.851058
0.746548
0.462545
0.638743
0.851058
0.958842
0.910872
0.443672
0.915418
0.719131
0.386941
0.638743
0.501457
0.786488
0.896552
0.919848
0.285477
0.329745
0.821206
0.304589
0.462545
0.786488
0.494871
0.955720
0.600293
0.827331
0.988575
0.443672
0.760042
0.815009
0.468925
0.112531
0.428427
0.586333
0.140030
0.544950
0.989919
0.501457
0.958842
0.991157
0.235604
0.329745
0.449917
0.119225
0.726032
0.521438
0.162447
0.231599
0.551785
0.260777
0.928349
0.150886
0.600293
0.896552
0.991157
0.290171
0.329745
0.375557
0.150886
0.910872
0.334944
0.131151
0.294921
0.456208
0.462545
0.701955
0.148107
0.726032
0.659874
0.680967
0.558648
0.753315
0.901437
0.739743
0.906211
0.551785
