0.081343
0.348045
0.235604
0.631702
0.705254
0.112531
0.081343
0.449917
0.645787
0.285477
0.294921
0.705254
0.732903
0.867958
0.719131
0.227647
0.988575
0.645787
0.989919
0.342708
0.624665
0.524622
0.988575
0.645787
0.989919
0.173082
0.862416
0.698284
0.821206
0.705254
0.955720
0.760042
0.531367
0.199779
0.845248
0.276259
0.821206
0.719131
0.538143
0.901437
0.558648
0.538143
0.551785
0.766726
0.276259
0.631702
0.189398
0.358886
0.235604
0.712205
0.827331
0.652832
0.544950
0.006476
0.247945
0.182726
0.631702
0.089877
0.304589
0.481816
0.142680
0.821206
0.443672
0.958842
0.252167
0.896552
0.381222
0.319514
0.104120
0.235604
0.252167
0.558648
0.558648
0.381222
0.069940
0.437474
0.719131
0.449917
0.955720
0.256445
0.896552
0.381222
0.579380
0.059353
0.369946
0.114725
0.821206
0.410341
0.364388
0.128687
0.437474
0.544950
0.356298
0.108254
0.827331
0.617636
0.746548
0.839356
0.007535
0.924159
