0.901437
0.294921
0.624665
0.035052
0.176249
0.659874
0.294921
0.104120
0.159489
0.449917
0.035052
0.910872
0.192809
0.958842
0.732903
0.142680
0.381222
0.802412
0.586333
0.243777
0.985553
0.285477
0.652832
0.808743
0.586333
0.726032
0.029174
0.886460
0.176249
0.449917
0.375557
0.833382
0.381222
0.928349
0.033573
0.673945
0.856782
0.891559
0.176249
0.739743
0.821206
0.579380
0.919848
0.064449
0.314483
0.862416
0.924159
0.551785
0.290171
0.045735
0.054091
0.827331
0.156577
0.773363
0.035052
0.572447
0.862416
0.673945
0.462545
0.666913
0.565535
0.353438
0.290171
0.906211
0.906211
0.119225
0.786488
0.603608
0.760042
0.928349
0.673945
0.558648
0.314483
0.572447
0.833382
0.792968
0.891559
0.059353
0.910872
0.952469
0.779952
0.097269
0.705254
0.652832
0.970039
0.593305
0.815009
0.162447
0.572447
0.839356
0.579380
0.652832
0.915418
0.456208
0.081343
0.910872
0.069940
0.961834
0.089877
0.153709
