0.628368
0.056388
0.071377
0.095372
0.005364
0.501457
0.097269
0.084666
0.708915
0.786488
0.018980
0.687978
0.701955
0.970039
0.514742
0.046710
0.932418
0.701955
0.910872
0.652832
0.269609
0.137423
0.932418
0.514742
0.839356
0.551785
0.462545
0.148107
0.020750
0.572447
0.356298
0.766726
0.906211
0.645787
0.140030
0.910872
0.786488
0.091676
0.449917
0.372892
0.753315
0.558648
0.910872
0.106169
0.645787
0.329745
0.972517
0.488323
0.091676
0.051880
0.621335
0.915418
0.958842
0.746548
0.285477
0.652832
0.845248
0.972517
0.593305
0.901437
0.456208
0.039021
0.304589
0.621335
0.324601
0.955720
0.475349
0.102105
0.319514
0.404413
0.586333
0.779952
0.252167
0.000187
0.856782
0.673945
0.039021
0.304589
0.628368
0.386941
0.906211
0.475349
0.137423
0.252167
0.398537
0.593305
0.851058
0.252167
0.000187
0.779952
0.839356
0.739743
0.089877
0.715853
0.005492
0.416320
0.867958
0.958842
0.988575
0.821206
