0.378532
0.119225
0.081343
0.786488
0.014333
0.659874
0.304589
0.038195
0.358886
0.440730
0.013697
0.833382
0.462545
0.067143
0.074331
0.431323
0.896552
0.074331
0.260777
0.955720
0.077396
0.431323
0.821206
0.031141
0.260777
0.987120
0.773363
0.012090
0.035052
0.558648
0.114725
0.055229
0.410341
0.551785
0.039021
0.708915
0.593305
0.035052
0.652832
0.148107
0.051880
0.340199
0.659874
0.039021
0.799391
0.753315
0.565535
0.680967
0.026732
0.558648
0.050806
0.196269
0.131151
0.468925
0.544950
0.701955
0.652832
0.334944
0.760042
0.680967
0.687978
0.060591
0.252167
0.369946
0.093508
0.078971
0.739743
0.456208
0.715853
0.468925
0.915418
0.766726
0.133656
0.468925
0.839356
0.114725
0.142680
0.153709
0.294921
0.116956
0.078971
0.659874
0.456208
0.708915
0.572447
0.833382
0.961834
0.133656
0.265165
0.915418
0.176249
0.145372
0.060591
0.095372
0.145372
0.896552
0.075850
0.016048
0.468925
0.680967
