0.958842
0.896552
0.462545
0.494871
0.334944
0.779952
0.891559
0.607295
0.260777
0.910872
0.214332
0.862416
0.252167
0.579380
0.392713
0.265165
0.356298
0.732903
0.928349
0.299727
0.558648
0.269609
0.356298
0.732903
0.862416
0.114725
0.666913
0.425222
0.481816
0.786488
0.256445
0.970039
0.153709
0.919848
0.064449
0.227647
0.239663
0.456208
0.181174
0.097269
0.967432
0.153709
0.845248
0.364388
0.449917
0.110374
0.928349
0.698284
0.833382
0.607295
0.206953
0.851058
0.252167
0.964698
0.524622
0.049752
0.046710
0.607295
0.610616
0.666913
0.256445
0.404413
0.428427
0.392713
0.967432
0.659874
0.666913
0.945583
0.019846
0.020293
0.867958
0.705254
0.579380
0.340199
0.256445
0.084666
0.375557
0.233700
0.392713
0.967432
0.901437
0.410341
0.945583
0.027928
0.037386
0.586333
0.705254
0.572447
0.340199
0.256445
0.045735
0.269609
0.600293
0.987120
0.494871
0.508082
0.456208
0.867958
0.299727
0.666913
