0.924159
0.422349
0.572447
0.386941
0.746548
0.056388
0.501457
0.638743
0.600293
0.967432
0.652832
0.481816
0.851058
0.386941
0.862416
0.443672
0.356298
0.760042
0.192809
0.839356
0.862416
0.443672
0.287941
0.961834
0.827331
0.572447
0.334944
0.462545
0.839356
0.214332
0.839356
0.746548
0.915418
0.121532
0.766726
0.004438
0.148107
0.766726
0.210617
0.565535
0.991157
0.753315
0.398537
0.247945
0.011946
0.110374
0.779952
0.955720
0.324601
0.586333
0.753315
0.967432
0.558648
0.839356
0.055229
0.000629
0.299727
0.970039
0.369946
0.833382
0.815009
0.475349
0.060002
0.159489
0.119225
0.972517
0.551785
0.488323
0.001171
0.148107
0.919848
0.739743
0.955720
0.348045
0.018980
0.732903
0.494871
0.056388
0.126262
0.856782
0.199779
0.659874
0.645787
0.001325
0.063139
0.924159
0.961834
0.719131
0.891559
0.018980
0.179463
0.786488
0.121532
0.687978
0.808743
0.701955
0.680967
0.544950
0.906211
0.915418
