0.961834
0.475349
0.845248
0.132333
0.011549
0.443672
0.652832
0.067143
0.004493
0.544950
0.572447
0.000135
0.753315
0.314483
0.998659
0.015340
0.624665
0.156577
0.915418
0.932418
0.443672
0.006035
0.443672
0.119225
0.760042
0.932418
0.079726
0.386941
0.766726
0.019846
0.375557
0.091676
0.839356
0.039021
0.906211
0.148107
0.746548
0.753315
0.014997
0.299727
0.093508
0.915418
0.145372
0.739743
0.196269
0.524622
0.915418
0.329745
0.404413
0.027324
0.011288
0.243777
0.856782
0.182726
0.252167
0.732903
0.517910
0.924159
0.119225
0.988575
0.967432
0.673945
0.007713
0.449917
0.309508
0.851058
0.145372
0.156577
0.821206
0.437474
0.856782
0.551785
0.398537
0.196269
0.231599
0.314483
0.760042
0.005895
0.449917
0.309508
0.851058
0.189398
0.116956
0.906211
0.437474
0.760042
0.558648
0.468925
0.196269
0.243777
0.112531
0.398537
0.924159
0.551785
0.082990
0.002469
0.091676
0.958842
0.786488
0.179463
