0.586333
0.165451
0.080574
0.410341
0.099199
0.967432
0.165451
0.760042
0.645787
0.779952
0.206953
0.680967
0.821206
0.398537
0.621335
0.392713
0.645787
0.726032
0.434555
0.145372
0.361775
0.565535
0.544950
0.739743
0.521438
0.112531
0.252167
0.579380
0.165451
0.851058
0.815009
0.961834
0.508082
0.074331
0.223749
0.544950
0.862416
0.278663
0.856782
0.732903
0.891559
0.356298
0.055229
0.437474
0.358886
0.356298
0.358886
0.265165
0.133656
0.856782
0.891559
0.896552
0.181174
0.468925
0.088109
0.142680
0.287941
0.517910
0.924159
0.624665
0.508082
0.057570
0.928349
0.437474
0.652832
0.521438
0.093508
0.001216
0.064449
0.428427
0.419169
0.687978
0.631702
0.488323
0.896552
0.404413
0.063825
0.753315
0.456208
0.544950
0.521438
0.095372
0.003030
0.064449
0.287941
0.624665
0.398537
0.739743
0.398537
0.896552
0.398537
0.712205
0.845248
0.440730
0.551785
0.652832
0.891559
0.600293
0.247945
0.386941
