0.779952
0.586333
0.694975
0.252167
0.074331
0.345510
0.773363
0.095372
0.060002
0.572447
0.214332
0.410341
0.398537
0.475349
0.329745
0.007628
0.345510
0.437474
0.607295
0.544950
0.659874
0.007628
0.345510
0.437474
0.708915
0.309508
0.422349
0.475349
0.356298
0.067143
0.265165
0.579380
0.324601
0.673945
0.910872
0.694975
0.233700
0.508082
0.029816
0.265165
0.680967
0.593305
0.386941
0.901437
0.786488
0.372892
0.638743
0.928349
0.694975
0.052975
0.265165
0.269609
0.851058
0.652832
0.906211
0.687978
0.245964
0.114725
0.481816
0.481816
0.621335
0.350877
0.089877
0.398537
0.165451
0.773363
0.753315
0.055229
0.779952
0.440730
0.314483
0.839356
0.572447
0.334944
0.915418
0.440730
0.593305
0.052975
0.334944
0.340199
0.481816
0.746548
0.119225
0.600293
0.372892
0.314483
0.839356
0.565535
0.607295
0.645787
0.621335
0.821206
0.987120
0.867958
0.058775
0.340199
0.243777
0.687978
0.906211
0.694975
