0.915418
0.821206
0.983870
0.891559
0.955720
0.038195
0.985553
0.280840
0.659874
0.003256
0.906211
0.088109
0.004285
0.294921
0.673945
0.802412
0.369946
0.280840
0.159489
0.475349
0.827331
0.886460
0.088109
0.176249
0.319514
0.475349
0.886460
0.964698
0.815009
0.176249
0.069940
0.358886
0.579380
0.712205
0.827331
0.176249
0.839356
0.985553
0.079726
0.069940
0.294921
0.494871
0.901437
0.952469
0.100125
0.906211
0.760042
0.544950
0.886460
0.223749
0.004602
0.027928
0.673945
0.726032
0.891559
0.078138
0.753315
0.565535
0.808743
0.128687
0.199779
0.719131
0.280840
0.309508
0.006179
0.210617
0.624665
0.726032
0.018980
0.839356
0.833382
0.443672
0.075850
0.156577
0.153709
0.294921
0.631702
0.280840
0.851058
0.000788
0.260777
0.645787
0.624665
0.024483
0.839356
0.760042
0.538143
0.056388
0.153709
0.203341
0.227647
0.007191
0.501457
0.290171
0.891559
0.243777
0.000577
0.093508
0.746548
0.808743
