0.260777
0.265165
0.773363
0.428427
0.572447
0.565535
0.494871
0.851058
0.739743
0.278663
0.915418
0.845248
0.488323
0.862416
0.422349
0.494871
0.456208
0.792968
0.593305
0.732903
0.494871
0.410341
0.638743
0.607295
0.593305
0.732903
0.915418
0.165451
0.673945
0.514742
0.468925
0.501457
0.924159
0.815009
0.924159
0.021216
0.468925
0.773363
0.210617
0.558648
0.422349
0.867958
0.631702
0.862416
0.014997
0.827331
0.746548
0.468925
0.766726
0.773363
0.652832
0.786488
0.851058
0.821206
0.680967
0.114725
0.732903
0.304589
0.666913
0.294921
0.369946
0.666913
0.514742
0.309508
0.225794
0.967432
0.192809
0.851058
0.028545
0.732903
0.456208
0.488323
0.443672
0.462545
0.815009
0.964698
0.928349
0.269609
0.375557
0.225794
0.928349
0.235604
0.867958
0.026732
0.652832
0.746548
0.256445
0.443672
0.456208
0.815009
0.964698
0.150886
0.269609
0.126262
0.673945
0.827331
0.694975
0.867958
0.906211
0.652832
