0.504591
0.231599
0.726032
0.631702
0.901437
0.182726
0.524622
0.666913
0.719131
0.235604
0.839356
0.624665
0.456208
0.274108
0.941949
0.739743
0.985553
0.815009
0.233700
0.256445
0.431323
0.955720
0.624665
0.638743
0.528168
0.565535
0.673945
0.089877
0.910872
0.280840
0.910872
0.565535
0.398537
0.924159
0.579380
0.586333
0.314483
0.821206
0.815009
0.808743
0.659874
0.600293
0.659874
0.586333
0.766726
0.680967
0.462545
0.726032
0.732903
0.815009
0.449917
0.565535
0.210617
0.964698
0.687978
0.964698
0.701955
0.732903
0.227647
0.739743
0.652832
0.952469
0.538143
0.375557
0.256445
0.260777
0.586333
0.773363
0.572447
0.345510
0.833382
0.796018
0.739743
0.112531
0.958842
0.906211
0.949090
0.544950
0.617636
0.256445
0.283274
0.404413
0.666913
0.680967
0.329745
0.753315
0.886460
0.638743
0.462545
0.449917
0.915418
0.586333
0.988575
0.631702
0.753315
0.719131
0.449917
0.614310
0.468925
0.932418
