0.165451
0.233700
0.122762
0.146806
0.446953
0.199779
0.187800
0.873406
0.162447
0.012370
0.245964
0.739743
0.052975
0.666913
0.058775
0.446953
0.468925
0.839356
0.106169
0.508082
0.292664
0.361775
0.753315
0.260777
0.106169
0.607295
0.538143
0.593305
0.245964
0.468925
0.099199
0.192809
0.043403
0.910872
0.551785
0.256445
0.827331
0.122762
0.766726
0.156577
0.392713
0.017169
0.958842
0.551785
0.645787
0.760042
0.739743
0.514742
0.122762
0.551785
0.033231
0.919848
0.475349
0.955720
0.659874
0.243777
0.475349
0.558648
0.184463
0.928349
0.666913
0.378532
0.319514
0.398537
0.833382
0.475349
0.753315
0.551785
0.565535
0.958842
0.558648
0.361775
0.856782
0.910872
0.928349
0.906211
0.201647
0.404413
0.314483
0.839356
0.475349
0.753315
0.551785
0.821206
0.856782
0.538143
0.302279
0.856782
0.964698
0.915418
0.687978
0.739743
0.159489
0.278663
0.541722
0.753315
0.052975
0.952469
0.680967
0.739743
