0.065148
0.600293
0.329745
0.063825
0.708915
0.593305
0.428427
0.600293
0.422349
0.456208
0.141419
0.687978
0.468925
0.705254
0.049260
0.133656
0.607295
0.437474
0.827331
0.019408
0.278663
0.133656
0.694975
0.231599
0.910872
0.018980
0.517910
0.088109
0.082206
0.928349
0.673945
0.881257
0.067143
0.019408
0.235604
0.468925
0.416320
0.074331
0.600293
0.799391
0.517910
0.148107
0.065784
0.027324
0.243777
0.579380
0.159489
0.779952
0.766726
0.501457
0.708915
0.517910
0.148107
0.431323
0.235604
0.304589
0.680967
0.468925
0.666913
0.456208
0.189398
0.428427
0.600293
0.501457
0.182726
0.638743
0.027324
0.431323
0.054091
0.481816
0.572447
0.468925
0.386941
0.488323
0.666913
0.614310
0.099199
0.600293
0.607295
0.294921
0.358886
0.027928
0.524622
0.039021
0.488323
0.565535
0.970039
0.386941
0.119225
0.753315
0.694975
0.815009
0.881257
0.514742
0.283274
0.687978
0.443672
0.544950
0.014333
0.698284
