0.955720
0.189398
0.443672
0.808743
0.008663
0.746548
0.189398
0.456208
0.631702
0.687978
0.290171
0.392713
0.269609
0.260777
0.617636
0.369946
0.189398
0.786488
0.206953
0.398537
0.827331
0.449917
0.299727
0.600293
0.206953
0.324601
0.462545
0.082990
0.353438
0.196269
0.416320
0.475349
0.739743
0.481816
0.108254
0.753315
0.007025
0.638743
0.196269
0.392713
0.475349
0.386941
0.329745
0.150886
0.462545
0.001799
0.153709
0.057570
0.027324
0.839356
0.199779
0.031824
0.645787
0.924159
0.369946
0.462545
0.000169
0.833382
0.265165
0.719131
0.821206
0.142680
0.645787
0.494871
0.126262
0.638743
0.404413
0.026732
0.666913
0.012504
0.558648
0.309508
0.955720
0.821206
0.340199
0.422349
0.544950
0.375557
0.314483
0.203341
0.392713
0.404413
0.375557
0.091676
0.008964
0.638743
0.488323
0.726032
0.821206
0.340199
0.428427
0.501457
0.528168
0.369946
0.531367
0.468925
0.579380
0.013245
0.845248
0.827331
