0.003374
0.290171
0.815009
0.192809
0.239663
0.964698
0.137423
0.203341
0.760042
0.051880
0.551785
0.659874
0.614310
0.565535
0.108254
0.116956
0.991157
0.932418
0.551785
0.280840
0.182726
0.243777
0.964698
0.786488
0.375557
0.231599
0.431323
0.007713
0.524622
0.919848
0.614310
0.558648
0.173082
0.985553
0.063139
0.867958
0.020750
0.353438
0.924159
0.514742
0.773363
0.075047
0.985553
0.045735
0.701955
0.247945
0.915418
0.091676
0.437474
0.579380
0.708915
0.766726
0.018149
0.987120
0.219903
0.600293
0.462545
0.386941
0.274108
0.617636
0.044778
0.065784
0.992290
0.708915
0.565535
0.169963
0.958842
0.010297
0.867958
0.538143
0.760042
0.269609
0.531367
0.739743
0.833382
0.419169
0.010297
0.992290
0.932418
0.334944
0.169963
0.985553
0.010297
0.792968
0.833382
0.462545
0.329745
0.531367
0.652832
0.901437
0.524622
0.558648
0.753315
0.182726
0.150886
0.856782
0.786488
0.462545
0.134857
0.815009
