0.993324
0.565535
0.329745
0.896552
0.915418
0.210617
0.468925
0.673945
0.038195
0.766726
0.386941
0.915418
0.531367
0.607295
0.579380
0.915418
0.659874
0.456208
0.528168
0.792968
0.265165
0.961834
0.915418
0.456208
0.528168
0.792968
0.941949
0.241822
0.475349
0.910872
0.705254
0.600293
0.607295
0.851058
0.340199
0.680967
0.988575
0.265165
0.915418
0.870551
0.600293
0.799391
0.766726
0.572447
0.428427
0.988575
0.919848
0.687978
0.404413
0.572447
0.219903
0.786488
0.528168
0.753315
0.058775
0.607295
0.821206
0.494871
0.680967
0.906211
0.025028
0.915418
0.760042
0.419169
0.701955
0.786488
0.579380
0.274108
0.786488
0.896552
0.586333
0.680967
0.839356
0.013389
0.845248
0.294921
0.766726
0.760042
0.437474
0.593305
0.792968
0.579380
0.481816
0.607295
0.833382
0.579380
0.766726
0.766726
0.013087
0.910872
0.243777
0.910872
0.010781
0.558648
0.839356
0.579380
0.247945
0.428427
0.701955
0.732903
