0.079726
0.631702
0.404413
0.016414
0.063825
0.128687
0.309508
0.422349
0.218100
0.617636
0.225794
0.278663
0.186038
0.652832
0.223749
0.136202
0.607295
0.945583
0.196269
0.746548
0.631702
0.136202
0.514742
0.941949
0.119225
0.252167
0.398537
0.364388
0.760042
0.036222
0.726032
0.967432
0.061853
0.766726
0.449917
0.833382
0.239663
0.673945
0.080574
0.753315
0.910872
0.176249
0.760042
0.468925
0.833382
0.186038
0.610616
0.206953
0.265165
0.278663
0.456208
0.919848
0.137423
0.334944
0.119225
0.475349
0.036592
0.182726
0.928349
0.051880
0.153709
0.126262
0.225794
0.732903
0.766726
0.137423
0.766726
0.891559
0.766726
0.084666
0.524622
0.786488
0.067143
0.565535
0.924159
0.290171
0.075850
0.345510
0.475349
0.839356
0.110374
0.958842
0.652832
0.760042
0.381222
0.134857
0.967432
0.029816
0.673945
0.910872
0.392713
0.443672
0.906211
0.364388
0.283274
0.428427
0.719131
0.456208
0.746548
0.278663
