0.437474
0.833382
0.673945
0.659874
0.361775
0.324601
0.821206
0.210617
0.680967
0.732903
0.799391
0.481816
0.475349
0.044778
0.192809
0.779952
0.203341
0.481816
0.102105
0.839356
0.551785
0.786488
0.565535
0.572447
0.034305
0.901437
0.726032
0.694975
0.501457
0.906211
0.475349
0.084666
0.746548
0.839356
0.398537
0.410341
0.760042
0.579380
0.839356
0.488323
0.027324
0.551785
0.815009
0.398537
0.181174
0.659874
0.666913
0.481816
0.773363
0.565535
0.666913
0.019846
0.901437
0.645787
0.162447
0.345510
0.398537
0.565535
0.779952
0.673945
0.235604
0.694975
0.314483
0.659874
0.142680
0.652832
0.551785
0.666913
0.218100
0.856782
0.565535
0.779952
0.404413
0.364388
0.446953
0.235604
0.773363
0.314483
0.579380
0.544950
0.186038
0.638743
0.666913
0.628368
0.381222
0.488323
0.851058
0.572447
0.239663
0.378532
0.309508
0.551785
0.309508
0.398537
0.799391
0.481816
0.652832
0.032855
0.746548
0.732903
