0.085560
0.159489
0.652832
0.024229
0.862416
0.031824
0.159489
0.488323
0.260777
0.410341
0.760042
0.404413
0.856782
0.726032
0.252167
0.773363
0.199779
0.572447
0.964698
0.235604
0.329745
0.494871
0.468925
0.572447
0.964698
0.624665
0.508082
0.237734
0.481816
0.456208
0.422349
0.739743
0.998961
0.206953
0.773363
0.237734
0.779952
0.659874
0.558648
0.494871
0.652832
0.906211
0.210617
0.779952
0.184463
0.999417
0.873406
0.687978
0.252167
0.309508
0.687978
0.833382
0.958842
0.031824
0.687978
0.287941
0.494871
0.786488
0.910872
0.558648
0.061253
0.009504
0.299727
0.422349
0.652832
0.988575
0.017559
0.329745
0.187800
0.680967
0.932418
0.299727
0.991157
0.766726
0.961834
0.501457
0.009287
0.839356
0.097269
0.652832
0.988575
0.024768
0.329745
0.144091
0.673945
0.932418
0.839356
0.551785
0.760042
0.964698
0.572447
0.987120
0.851058
0.116956
0.340199
0.468925
0.766726
0.988575
0.186038
0.287941
