0.972517
0.528168
0.233700
0.708915
0.708915
0.586333
0.799391
0.799391
0.687978
0.833382
0.440730
0.856782
0.746548
0.005624
0.265165
0.708915
0.694975
0.833382
0.017353
0.856782
0.687978
0.701955
0.607295
0.827331
0.012504
0.993324
0.049752
0.862416
0.302279
0.680967
0.915418
0.018560
0.901437
0.462545
0.462545
0.906211
0.475349
0.621335
0.440730
0.901437
0.142680
0.631702
0.462545
0.462545
0.845248
0.462545
0.364388
0.932418
0.534929
0.792968
0.839356
0.035815
0.027928
0.645787
0.821206
0.260777
0.114725
0.544950
0.534929
0.991157
0.901437
0.446953
0.932418
0.666913
0.032855
0.243777
0.901437
0.645787
0.845248
0.001613
0.196269
0.191187
0.906211
0.726032
0.528168
0.974869
0.708915
0.715853
0.746548
0.035052
0.186038
0.961834
0.645787
0.827331
0.031141
0.011032
0.356298
0.666913
0.726032
0.528168
0.974869
0.773363
0.896552
0.673945
0.799391
0.600293
0.896552
0.000257
0.334944
0.610616
