0.456208
0.082990
0.227647
0.712205
0.159489
0.252167
0.137423
0.833382
0.006476
0.192809
0.833382
0.475349
0.067143
0.210617
0.337426
0.659874
0.028545
0.839356
0.392713
0.833382
0.705254
0.659874
0.004388
0.851058
0.203341
0.958842
0.108254
0.901437
0.531367
0.260777
0.064449
0.404413
0.294921
0.652832
0.290171
0.955720
0.760042
0.617636
0.652832
0.004602
0.687978
0.179463
0.992290
0.179463
0.381222
0.732903
0.095372
0.687978
0.110374
0.746548
0.006179
0.792968
0.081343
0.964698
0.179463
0.901437
0.386941
0.203341
0.760042
0.356298
0.386941
0.294921
0.252167
0.049752
0.862416
0.517910
0.845248
0.027324
0.645787
0.119225
0.022179
0.687978
0.621335
0.375557
0.652832
0.792968
0.353438
0.381222
0.022179
0.862416
0.517910
0.839356
0.027324
0.645787
0.239663
0.013245
0.666913
0.534929
0.375557
0.739743
0.214332
0.159489
0.856782
0.145372
0.456208
0.324601
0.029174
0.071377
0.961834
0.227647
