0.254412
0.600293
0.666913
0.404413
0.712205
0.928349
0.600293
0.524622
0.878757
0.514742
0.437474
0.851058
0.856782
0.760042
0.514742
0.517910
0.779952
0.514742
0.901437
0.910872
0.422349
0.524622
0.779952
0.600293
0.739743
0.833382
0.988575
0.766726
0.645787
0.558648
0.694975
0.252167
0.839356
0.915418
0.827331
0.260777
0.521438
0.565535
0.739743
0.607295
0.760042
0.631702
0.845248
0.901437
0.196269
0.600293
0.856782
0.095372
0.558648
0.746548
0.792968
0.910872
0.896552
0.753315
0.746548
0.652832
0.494871
0.586333
0.392713
0.833382
0.462545
0.558648
0.314483
0.867958
0.468925
0.998961
0.565535
0.375557
0.126262
0.680967
0.586333
0.153709
0.398537
0.000713
0.494871
0.680967
0.481816
0.309508
0.873406
0.565535
0.987120
0.558648
0.381222
0.247945
0.422349
0.586333
0.156577
0.392713
0.000973
0.494871
0.760042
0.652832
0.779952
0.621335
0.603608
0.936363
0.856782
0.833382
0.845248
0.645787
