0.233700
0.867958
0.856782
0.494871
0.361775
0.786488
0.856782
0.694975
0.936363
0.856782
0.792968
0.694975
0.967432
0.063139
0.680967
0.350877
0.600293
0.673945
0.294921
0.833382
0.422349
0.614310
0.867958
0.404413
0.235604
0.906211
0.614310
0.708915
0.687978
0.862416
0.924159
0.003256
0.247945
0.708915
0.786488
0.652832
0.572447
0.766726
0.970039
0.779952
0.260777
0.148107
0.687978
0.701955
0.475349
0.719131
0.274108
0.862416
0.867958
0.993324
0.779952
0.309508
0.381222
0.174743
0.867958
0.247945
0.119225
0.593305
0.964698
0.133656
0.694975
0.218100
0.680967
0.856782
0.551785
0.645787
0.422349
0.428427
0.739743
0.901437
0.862416
0.468925
0.233700
0.123878
0.534929
0.422349
0.404413
0.680967
0.600293
0.845248
0.369946
0.494871
0.356298
0.839356
0.815009
0.862416
0.766726
0.214332
0.057570
0.621335
0.680967
0.786488
0.694975
0.910872
0.708915
0.786488
0.991157
0.231599
0.072841
0.792968
