0.964698
0.773363
0.915418
0.993324
0.964698
0.572447
0.856782
0.928349
0.398537
0.915418
0.970039
0.845248
0.434555
0.256445
0.924159
0.928349
0.319514
0.715853
0.063139
0.607295
0.746548
0.928349
0.162447
0.440730
0.035815
0.600293
0.732903
0.967432
0.845248
0.572447
0.873406
0.309508
0.398537
0.572447
0.910872
0.906211
0.779952
0.967432
0.214332
0.773363
0.165451
0.243777
0.666913
0.910872
0.839356
0.786488
0.089877
0.862416
0.851058
0.666913
0.779952
0.494871
0.150886
0.481816
0.989919
0.468925
0.932418
0.153709
0.422349
0.410341
0.932418
0.851058
0.265165
0.422349
0.072841
0.392713
0.659874
0.910872
0.989919
0.680967
0.260777
0.928349
0.410341
0.994262
0.792968
0.652832
0.915418
0.218100
0.416320
0.099199
0.375557
0.579380
0.910872
0.989919
0.932418
0.119225
0.970039
0.345510
0.993324
0.972517
0.475349
0.786488
0.827331
0.739743
0.972517
0.833382
0.361775
0.148107
0.334944
0.949090
