0.440730
0.572447
0.896552
0.666913
0.531367
0.586333
0.488323
0.462545
0.422349
0.501457
0.638743
0.210617
0.786488
0.970039
0.753315
0.558648
0.168501
0.936363
0.049752
0.142680
0.845248
0.551785
0.168501
0.873406
0.110374
0.364388
0.299727
0.873406
0.901437
0.256445
0.345510
0.928349
0.182726
0.431323
0.324601
0.746548
0.196269
0.901437
0.314483
0.283274
0.932418
0.045735
0.364388
0.475349
0.746548
0.231599
0.410341
0.233700
0.538143
0.760042
0.350877
0.919848
0.048718
0.531367
0.319514
0.833382
0.231599
0.410341
0.404413
0.910872
0.786488
0.456208
0.839356
0.600293
0.928349
0.027324
0.137423
0.165451
0.827331
0.037386
0.329745
0.410341
0.392713
0.206953
0.247945
0.910872
0.456208
0.839356
0.600293
0.932418
0.027324
0.137423
0.203341
0.746548
0.082990
0.214332
0.614310
0.364388
0.128687
0.199779
0.958842
0.453223
0.746548
0.468925
0.645787
0.593305
0.607295
0.544950
0.060591
0.153709
