0.043889
0.101163
0.319514
0.361775
0.089877
0.214332
0.101163
0.386941
0.345510
0.428427
0.304589
0.171598
0.392713
0.528168
0.233700
0.319514
0.673945
0.607295
0.862416
0.773363
0.218100
0.753315
0.324601
0.600293
0.779952
0.851058
0.324601
0.093508
0.319514
0.156577
0.416320
0.410341
0.614310
0.901437
0.065784
0.028545
0.149564
0.260777
0.732903
0.229720
0.687978
0.867958
0.964698
0.064449
0.086372
0.508082
0.779952
0.198110
0.319514
0.196269
0.614310
0.501457
0.274108
0.659874
0.294921
0.186038
0.600293
0.687978
0.799391
0.572447
0.184463
0.206953
0.645787
0.607295
0.494871
0.600293
0.475349
0.137423
0.088109
0.701955
0.680967
0.614310
0.915418
0.003336
0.970039
0.334944
0.165451
0.652832
0.687978
0.422349
0.680967
0.404413
0.179463
0.088109
0.593305
0.786488
0.508082
0.961834
0.006179
0.786488
0.833382
0.739743
0.203341
0.528168
0.156577
0.165451
0.488323
0.334944
0.694975
0.998961
