0.407215
0.808743
0.746548
0.271733
0.827331
0.792968
0.796018
0.910872
0.488323
0.544950
0.468925
0.687978
0.746548
0.102105
0.231599
0.381222
0.416320
0.247945
0.227647
0.856782
0.603608
0.381222
0.340199
0.150886
0.227647
0.586333
0.102105
0.182726
0.645787
0.398537
0.252167
0.046710
0.475349
0.243777
0.063139
0.386941
0.256445
0.645787
0.392713
0.319514
0.064449
0.381222
0.369946
0.081343
0.558648
0.428427
0.932418
0.358886
0.659874
0.475349
0.746548
0.227647
0.839356
0.544950
0.081343
0.468925
0.428427
0.862416
0.145372
0.314483
0.014333
0.739743
0.565535
0.558648
0.108254
0.910872
0.538143
0.285477
0.314483
0.786488
0.867958
0.142680
0.955720
0.551785
0.726032
0.034305
0.739743
0.565535
0.481816
0.142680
0.896552
0.456208
0.348045
0.462545
0.521438
0.867958
0.179463
0.910872
0.551785
0.821206
0.285477
0.901437
0.839356
0.364388
0.551785
0.786488
0.652832
0.132333
0.687978
0.517910
