0.972517
0.054091
0.239663
0.715853
0.050806
0.475349
0.016414
0.214332
0.961834
0.239663
0.011817
0.915418
0.108254
0.192809
0.121532
0.551785
0.958842
0.025028
0.468925
0.708915
0.404413
0.739743
0.958842
0.001023
0.319514
0.708915
0.517910
0.779952
0.381222
0.991157
0.732903
0.005758
0.666913
0.766726
0.638743
0.494871
0.673945
0.456208
0.970039
0.958842
0.000769
0.746548
0.687978
0.531367
0.666913
0.494871
0.437474
0.256445
0.021216
0.680967
0.961834
0.026152
0.314483
0.928349
0.617636
0.673945
0.919848
0.294921
0.048718
0.443672
0.928349
0.067143
0.488323
0.645787
0.035815
0.760042
0.856782
0.443672
0.579380
0.910872
0.712205
0.299727
0.443672
0.856782
0.015340
0.410341
0.123878
0.252167
0.753315
0.025584
0.839356
0.779952
0.524622
0.494871
0.915418
0.712205
0.551785
0.276259
0.786488
0.039021
0.203341
0.413167
0.404413
0.319514
0.121532
0.958842
0.081343
0.084666
0.715853
0.617636
