0.659874
0.839356
0.456208
0.340199
0.177934
0.919848
0.753315
0.422349
0.538143
0.324601
0.416320
0.766726
0.192809
0.624665
0.631702
0.528168
0.252167
0.252167
0.891559
0.309508
0.462545
0.434555
0.468925
0.196269
0.712205
0.314483
0.095372
0.924159
0.252167
0.708915
0.067143
0.638743
0.290171
0.398537
0.097269
0.906211
0.779952
0.243777
0.528168
0.142680
0.481816
0.624665
0.475349
0.097269
0.845248
0.314483
0.386941
0.827331
0.827331
0.521438
0.369946
0.475349
0.517910
0.989919
0.572447
0.915418
0.003179
0.964698
0.746548
0.108254
0.989919
0.381222
0.607295
0.021216
0.196269
0.705254
0.398537
0.265165
0.999213
0.002352
0.572447
0.833382
0.106169
0.955720
0.521438
0.964698
0.375557
0.607295
0.048718
0.095372
0.712205
0.392713
0.324601
0.991157
0.210617
0.011549
0.896552
0.106169
0.955720
0.701955
0.845248
0.617636
0.488323
0.726032
0.356298
0.462545
0.746548
0.538143
0.726032
0.673945
