0.225794
0.199779
0.068529
0.494871
0.915418
0.732903
0.256445
0.833382
0.833382
0.593305
0.659874
0.551785
0.329745
0.701955
0.136202
0.833382
0.189398
0.932418
0.297443
0.919848
0.174743
0.659874
0.148107
0.932418
0.367306
0.919848
0.501457
0.345510
0.029174
0.531367
0.340199
0.708915
0.701955
0.779952
0.260777
0.901437
0.067143
0.150886
0.551785
0.334944
0.786488
0.614310
0.779952
0.329745
0.945583
0.086372
0.621335
0.265165
0.375557
0.896552
0.214332
0.694975
0.521438
0.687978
0.856782
0.712205
0.538143
0.621335
0.746548
0.456208
0.274108
0.375557
0.952469
0.856782
0.701955
0.701955
0.786488
0.919848
0.235604
0.364388
0.621335
0.987120
0.739743
0.572447
0.614310
0.708915
0.375557
0.753315
0.851058
0.786488
0.621335
0.856782
0.862416
0.231599
0.437474
0.621335
0.958842
0.739743
0.572447
0.621335
0.607295
0.851058
0.928349
0.760042
0.833382
0.247945
0.779952
0.372892
0.494871
0.992290
