0.252167
0.652832
0.179463
0.171598
0.028545
0.013697
0.739743
0.020750
0.108254
0.961834
0.153709
0.001936
0.867958
0.746548
0.199779
0.088109
0.353438
0.964698
0.659874
0.386941
0.294921
0.027928
0.020293
0.964698
0.565535
0.392713
0.179463
0.827331
0.088109
0.000713
0.972517
0.961834
0.126262
0.231599
0.891559
0.719131
0.614310
0.285477
0.239663
0.006326
0.964698
0.247945
0.114725
0.896552
0.815009
0.600293
0.285477
0.239663
0.294921
0.014997
0.386941
0.572447
0.199779
0.231599
0.386941
0.179463
0.621335
0.431323
0.086372
0.386941
0.156577
0.068529
0.035815
0.833382
0.919848
0.652832
0.110374
0.551785
0.019846
0.621335
0.235604
0.808743
0.839356
0.181174
0.488323
0.008867
0.010781
0.049752
0.732903
0.919848
0.896552
0.069940
0.531367
0.091676
0.214332
0.358886
0.544950
0.906211
0.283274
0.350877
0.005492
0.223749
0.680967
0.821206
0.203341
0.003895
0.572447
0.593305
0.084666
0.114725
