0.989919
0.839356
0.196269
0.891559
0.196269
0.023949
0.475349
0.044778
0.538143
0.659874
0.638743
0.018149
0.910872
0.004493
0.551785
0.827331
0.079726
0.422349
0.014333
0.915418
0.369946
0.827331
0.078138
0.350877
0.014333
0.964698
0.910872
0.544950
0.673945
0.041135
0.915418
0.006035
0.919848
0.955720
0.967432
0.732903
0.551785
0.156577
0.160885
0.896552
0.001246
0.924159
0.955720
0.967432
0.833382
0.150886
0.475349
0.732903
0.833382
0.006863
0.987120
0.016048
0.851058
0.910872
0.839356
0.659874
0.199779
0.746548
0.551785
0.416320
0.964698
0.565535
0.042921
0.910872
0.028545
0.992290
0.753315
0.475349
0.732903
0.260777
0.121532
0.392713
0.680967
0.915418
0.732903
0.827331
0.468925
0.042921
0.906211
0.029174
0.992290
0.753315
0.572447
0.901437
0.150886
0.097269
0.462545
0.680967
0.928349
0.732903
0.638743
0.048718
0.989919
0.815009
0.645787
0.023949
0.694975
0.019846
0.967432
0.839356
