0.896552
0.645787
0.827331
0.896552
0.511232
0.364388
0.645787
0.551785
0.631702
0.501457
0.705254
0.182726
0.708915
0.910872
0.958842
0.610616
0.299727
0.694975
0.833382
0.652832
0.760042
0.517910
0.304589
0.786488
0.833382
0.071377
0.739743
0.955720
0.631702
0.638743
0.162447
0.673945
0.712205
0.334944
0.827331
0.694975
0.437474
0.821206
0.638743
0.247945
0.845248
0.375557
0.159489
0.958842
0.779952
0.364388
0.666913
0.544950
0.544950
0.739743
0.386941
0.924159
0.369946
0.329745
0.645787
0.428427
0.353438
0.856782
0.214332
0.052975
0.845248
0.243777
0.896552
0.760042
0.579380
0.231599
0.214332
0.381222
0.428427
0.014661
0.586333
0.097269
0.475349
0.256445
0.551785
0.891559
0.243777
0.896552
0.652832
0.579380
0.299727
0.165451
0.659874
0.398537
0.006035
0.673945
0.075850
0.558648
0.416320
0.833382
0.431323
0.247945
0.260777
0.739743
0.789564
0.239663
0.715853
0.827331
0.091676
0.746548
