0.983870
0.901437
0.961834
0.732903
0.345510
0.666913
0.901437
0.766726
0.123878
0.961834
0.924159
0.488323
0.199779
0.475349
0.631702
0.862416
0.314483
0.753315
0.910872
0.910872
0.638743
0.862416
0.119225
0.572447
0.910872
0.910872
0.456208
0.739743
0.652832
0.673945
0.247945
0.666913
0.638743
0.833382
0.739743
0.739743
0.314483
0.652832
0.779952
0.069940
0.666913
0.891559
0.839356
0.551785
0.645787
0.456208
0.319514
0.827331
0.910872
0.680967
0.309508
0.773363
0.631702
0.915418
0.192809
0.462545
0.732903
0.404413
0.456208
0.701955
0.746548
0.746548
0.680967
0.732903
0.766726
0.949090
0.760042
0.462545
0.558648
0.538143
0.159489
0.659874
0.792968
0.462545
0.972517
0.896552
0.659874
0.680967
0.739743
0.760042
0.949090
0.760042
0.468925
0.638743
0.462545
0.159489
0.896552
0.528168
0.462545
0.993324
0.833382
0.773363
0.468925
0.645787
0.851058
0.766726
0.375557
0.910872
0.666913
0.235604
