0.437474
0.243777
0.462545
0.652832
0.821206
0.680967
0.189398
0.638743
0.792968
0.839356
0.456208
0.856782
0.779952
0.514742
0.431323
0.958842
0.928349
0.924159
0.867958
0.186038
0.375557
0.739743
0.932418
0.586333
0.862416
0.145372
0.565535
0.645787
0.544950
0.919848
0.600293
0.593305
0.443672
0.369946
0.494871
0.701955
0.140030
0.906211
0.845248
0.514742
0.680967
0.148107
0.462545
0.586333
0.708915
0.531367
0.063139
0.603608
0.199779
0.760042
0.932418
0.779952
0.088109
0.901437
0.915418
0.621335
0.881257
0.106169
0.443672
0.182726
0.538143
0.896552
0.766726
0.607295
0.970039
0.050806
0.456208
0.773363
0.528168
0.425222
0.045735
0.645787
0.348045
0.851058
0.283274
0.375557
0.896552
0.766726
0.687978
0.970039
0.039863
0.746548
0.558648
0.708915
0.456208
0.045735
0.610616
0.239663
0.833382
0.229720
0.381222
0.521438
0.006326
0.475349
0.314483
0.593305
0.919848
0.221921
0.815009
0.739743
