0.607295
0.856782
0.845248
0.786488
0.687978
0.972517
0.514742
0.779952
0.593305
0.501457
0.687978
0.936363
0.773363
0.808743
0.508082
0.932418
0.928349
0.851058
0.126262
0.753315
0.766726
0.701955
0.993324
0.851058
0.126262
0.558648
0.150886
0.192809
0.851058
0.974869
0.786488
0.235604
0.607295
0.114725
0.243777
0.050806
0.116956
0.851058
0.974869
0.972517
0.196269
0.586333
0.210617
0.015340
0.019846
0.196269
0.786488
0.440730
0.666913
0.932418
0.600293
0.949090
0.514742
0.299727
0.558648
0.227647
0.052975
0.970039
0.694975
0.020750
0.901437
0.680967
0.799391
0.687978
0.631702
0.708915
0.369946
0.827331
0.008080
0.196269
0.862416
0.488323
0.008663
0.114725
0.815009
0.593305
0.687978
0.792968
0.773363
0.652832
0.687978
0.845248
0.294921
0.007894
0.243777
0.862416
0.701955
0.760042
0.000197
0.815009
0.314483
0.992290
0.701955
0.659874
0.694975
0.856782
0.766726
0.845248
0.210617
0.364388
