0.260777
0.833382
0.443672
0.753315
0.551785
0.694975
0.150886
0.398537
0.851058
0.196269
0.645787
0.862416
0.314483
0.565535
0.140030
0.600293
0.753315
0.071377
0.659874
0.786488
0.375557
0.600293
0.760042
0.069940
0.666913
0.862416
0.645787
0.645787
0.381222
0.779952
0.093508
0.666913
0.753315
0.967432
0.531367
0.404413
0.468925
0.443672
0.501457
0.042491
0.845248
0.666913
0.967432
0.631702
0.156577
0.162447
0.501457
0.381222
0.544950
0.924159
0.398537
0.666913
0.666913
0.760042
0.949090
0.961834
0.392713
0.786488
0.821206
0.247945
0.494871
0.645787
0.586333
0.652832
0.915418
0.398537
0.856782
0.808743
0.488323
0.126262
0.919848
0.645787
0.652832
0.753315
0.970039
0.708915
0.610616
0.586333
0.398537
0.915418
0.404413
0.851058
0.815009
0.481816
0.159489
0.862416
0.746548
0.839356
0.558648
0.961834
0.867958
0.404413
0.680967
0.398537
0.398537
0.961834
0.558648
0.475349
0.792968
0.896552
