0.446953
0.621335
0.779952
0.919848
0.572447
0.000353
0.614310
0.001358
0.821206
0.779952
0.964698
0.000061
0.958842
0.456208
0.361775
0.456208
0.025028
0.760042
0.449917
0.538143
0.694975
0.456208
0.007361
0.481816
0.449917
0.538143
0.961834
0.350877
0.773363
0.006863
0.910872
0.381222
0.964698
0.443672
0.392713
0.773363
0.256445
0.501457
0.017747
0.896552
0.153709
0.919848
0.624665
0.398537
0.694975
0.369946
0.766726
0.404413
0.593305
0.009389
0.987120
0.901437
0.210617
0.443672
0.206953
0.680967
0.896552
0.924159
0.398537
0.779952
0.972517
0.214332
0.013389
0.906211
0.739743
0.961834
0.732903
0.319514
0.488323
0.827331
0.572447
0.214332
0.972517
0.967432
0.645787
0.786488
0.422349
0.007025
0.821206
0.739743
0.961834
0.815009
0.265165
0.779952
0.538143
0.572447
0.392713
0.867958
0.928349
0.645787
0.924159
0.364388
0.985553
0.593305
0.381222
0.013389
0.958842
0.551785
0.309508
0.038195
