0.845248
0.565535
0.481816
0.815009
0.766726
0.449917
0.468925
0.955720
0.565535
0.958842
0.766726
0.358886
0.919848
0.610616
0.468925
0.896552
0.199779
0.538143
0.531367
0.280840
0.839356
0.987120
0.386941
0.538143
0.617636
0.179463
0.779952
0.309508
0.915418
0.952469
0.468925
0.624665
0.035815
0.247945
0.309508
0.726032
0.687978
0.915418
0.952469
0.386941
0.719131
0.145372
0.443672
0.488323
0.531367
0.773363
0.216111
0.991157
0.839356
0.551785
0.827331
0.443672
0.726032
0.524622
0.488323
0.037386
0.334944
0.106169
0.773363
0.348045
0.607295
0.845248
0.462545
0.309508
0.891559
0.531367
0.538143
0.199779
0.544950
0.680967
0.081343
0.680967
0.610616
0.687978
0.766726
0.521438
0.910872
0.392713
0.369946
0.821206
0.827331
0.348045
0.334944
0.294921
0.680967
0.102105
0.680967
0.531367
0.680967
0.773363
0.361775
0.753315
0.624665
0.915418
0.906211
0.375557
0.638743
0.631702
0.610616
0.694975
