0.092636
0.292664
0.514742
0.218100
0.839356
0.227647
0.521438
0.659874
0.046710
0.302279
0.851058
0.000371
0.708915
0.290171
0.600293
0.766726
0.002083
0.792968
0.082990
0.915418
0.446953
0.488323
0.000390
0.792968
0.019846
0.746548
0.501457
0.416320
0.928349
0.010781
0.162447
0.579380
0.084666
0.773363
0.475349
0.856782
0.701955
0.867958
0.398537
0.000212
0.760042
0.021216
0.766726
0.666913
0.862416
0.773363
0.358886
0.422349
0.422349
0.551785
0.020750
0.494871
0.114725
0.766726
0.040722
0.972517
0.593305
0.140030
0.856782
0.037386
0.350877
0.928349
0.086372
0.386941
0.131151
0.299727
0.488323
0.462545
0.932418
0.593305
0.517910
0.579380
0.239663
0.924159
0.364388
0.319514
0.932418
0.746548
0.027324
0.260777
0.153709
0.488323
0.967432
0.398537
0.593305
0.524622
0.579380
0.235604
0.967432
0.381222
0.304589
0.434555
0.732903
0.440730
0.659874
0.005624
0.521438
0.280840
0.652832
0.174743
