0.551785
0.189398
0.369946
0.896552
0.150886
0.462545
0.462545
0.808743
0.314483
0.544950
0.538143
0.645787
0.732903
0.437474
0.437474
0.833382
0.624665
0.839356
0.014011
0.808743
0.815009
0.906211
0.294921
0.961834
0.132333
0.719131
0.218100
0.779952
0.815009
0.558648
0.358886
0.449917
0.821206
0.199779
0.494871
0.773363
0.551785
0.719131
0.901437
0.299727
0.544950
0.610616
0.392713
0.586333
0.856782
0.462545
0.475349
0.324601
0.239663
0.746548
0.449917
0.624665
0.881257
0.481816
0.766726
0.845248
0.314483
0.093508
0.196269
0.845248
0.766726
0.186038
0.746548
0.142680
0.449917
0.449917
0.256445
0.171598
0.666913
0.314483
0.196269
0.052975
0.851058
0.488323
0.673945
0.531367
0.243777
0.638743
0.145372
0.544950
0.364388
0.252167
0.329745
0.488323
0.462545
0.121532
0.056388
0.955720
0.488323
0.416320
0.544950
0.726032
0.407215
0.358886
0.845248
0.538143
0.746548
0.511232
0.705254
0.521438
