0.901437
0.659874
0.666913
0.666913
0.802412
0.928349
0.673945
0.551785
0.614310
0.214332
0.631702
0.862416
0.229720
0.314483
0.488323
0.468925
0.932418
0.701955
0.462545
0.705254
0.481816
0.753315
0.932418
0.792968
0.544950
0.712205
0.428427
0.746548
0.386941
0.579380
0.434555
0.392713
0.833382
0.260777
0.572447
0.437474
0.006548
0.856782
0.488323
0.600293
0.404413
0.958842
0.468925
0.593305
0.504591
0.001936
0.046710
0.043840
0.572447
0.214332
0.221921
0.334944
0.638743
0.256445
0.586333
0.219903
0.031463
0.610616
0.163865
0.358886
0.572447
0.746548
0.773363
0.514742
0.760042
0.652832
0.475349
0.856782
0.176249
0.003456
0.353438
0.098179
0.063139
0.416320
0.039863
0.142680
0.839356
0.666913
0.621335
0.760042
0.839356
0.243777
0.932418
0.166890
0.007191
0.173082
0.216111
0.025584
0.666913
0.039863
0.247945
0.958842
0.638743
0.462545
0.746548
0.514742
0.229720
0.462545
0.231599
0.786488
