0.739743
0.726032
0.189398
0.746548
0.726032
0.919848
0.726032
0.896552
0.739743
0.845248
0.538143
0.404413
0.196269
0.586333
0.565535
0.227647
0.839356
0.638743
0.867958
0.125002
0.856782
0.294921
0.652832
0.739743
0.928349
0.163865
0.069940
0.753315
0.186038
0.964698
0.386941
0.919848
0.290171
0.746548
0.067143
0.985553
0.827331
0.050806
0.910872
0.386941
0.839356
0.239663
0.638743
0.182726
0.659874
0.531367
0.760042
0.294921
0.443672
0.666913
0.551785
0.760042
0.112531
0.243777
0.186038
0.839356
0.110374
0.839356
0.153709
0.375557
0.297443
0.186038
0.760042
0.746548
0.666913
0.231599
0.638743
0.088109
0.739743
0.299727
0.252167
0.196269
0.732903
0.201647
0.419169
0.278663
0.186038
0.652832
0.827331
0.666913
0.189398
0.638743
0.179463
0.475349
0.304589
0.481816
0.086372
0.833382
0.191187
0.353438
0.334944
0.652832
0.614310
0.961834
0.617636
0.666913
0.299727
0.687978
0.079726
0.145372
