0.023426
0.097269
0.521438
0.150886
0.214332
0.955720
0.269609
0.891559
0.392713
0.182726
0.488323
0.565535
0.299727
0.558648
0.029816
0.314483
0.839356
0.901437
0.231599
0.126262
0.057570
0.827331
0.659874
0.839356
0.443672
0.260777
0.148107
0.095372
0.766726
0.958842
0.645787
0.915418
0.431323
0.694975
0.069940
0.760042
0.071377
0.614310
0.827331
0.449917
0.856782
0.285477
0.494871
0.069940
0.766726
0.521438
0.422349
0.076579
0.792968
0.449917
0.462545
0.494871
0.106169
0.779952
0.123878
0.766726
0.708915
0.766726
0.821206
0.462545
0.196269
0.269609
0.988575
0.456208
0.919848
0.227647
0.593305
0.468925
0.488323
0.621335
0.565535
0.652832
0.375557
0.967432
0.964698
0.134857
0.715853
0.538143
0.456208
0.915418
0.231599
0.593305
0.462545
0.572447
0.621335
0.779952
0.443672
0.392713
0.915418
0.964698
0.538143
0.524622
0.243777
0.074331
0.827331
0.839356
0.309508
0.462545
0.638743
0.256445
