0.475349
0.600293
0.245964
0.593305
0.534929
0.462545
0.521438
0.862416
0.247945
0.572447
0.446953
0.040722
0.988575
0.964698
0.329745
0.440730
0.119225
0.753315
0.906211
0.992290
0.416320
0.440730
0.029816
0.746548
0.833382
0.919848
0.851058
0.551785
0.534929
0.334944
0.290171
0.972517
0.827331
0.760042
0.481816
0.425222
0.148107
0.372892
0.274108
0.110374
0.972517
0.949090
0.967432
0.488323
0.431323
0.148107
0.732903
0.386941
0.302279
0.779952
0.431323
0.873406
0.631702
0.924159
0.666913
0.617636
0.038195
0.538143
0.256445
0.443672
0.481816
0.534929
0.501457
0.796018
0.694975
0.544950
0.915418
0.915418
0.610616
0.199779
0.982069
0.022675
0.538143
0.839356
0.488323
0.239663
0.372892
0.422349
0.802412
0.773363
0.544950
0.851058
0.919848
0.610616
0.243777
0.952469
0.031141
0.443672
0.833382
0.593305
0.369946
0.375557
0.443672
0.862416
0.446953
0.309508
0.652832
0.739743
0.586333
0.862416
