0.989919
0.443672
0.808743
0.992290
0.631702
0.614310
0.531367
0.792968
0.494871
0.958842
0.815009
0.521438
0.760042
0.652832
0.196269
0.924159
0.501457
0.494871
0.652832
0.356298
0.364388
0.924159
0.501457
0.494871
0.746548
0.141419
0.891559
0.856782
0.719131
0.694975
0.919848
0.481816
0.269609
0.494871
0.991157
0.260777
0.042491
0.524622
0.607295
0.851058
0.488323
0.475349
0.340199
0.964698
0.260777
0.043403
0.988575
0.993324
0.443672
0.687978
0.494871
0.680967
0.659874
0.501457
0.839356
0.269609
0.666913
0.652832
0.701955
0.607295
0.766726
0.145372
0.687978
0.579380
0.766726
0.967432
0.680967
0.964698
0.673945
0.319514
0.839356
0.786488
0.701955
0.915418
0.878757
0.114725
0.179463
0.607295
0.680967
0.659874
0.991157
0.600293
0.961834
0.673945
0.324601
0.839356
0.856782
0.614310
0.919848
0.932418
0.114725
0.687978
0.116956
0.531367
0.919848
0.340199
0.851058
0.481816
0.422349
0.821206
