0.779952
0.919848
0.839356
0.773363
0.753315
0.089877
0.964698
0.369946
0.901437
0.992290
0.760042
0.732903
0.475349
0.297443
0.928349
0.833382
0.456208
0.659874
0.372892
0.687978
0.659874
0.652832
0.189398
0.572447
0.372892
0.579380
0.964698
0.919848
0.910872
0.153709
0.544950
0.453223
0.528168
0.449917
0.972517
0.544950
0.572447
0.845248
0.153709
0.531367
0.528168
0.446953
0.815009
0.974869
0.989919
0.231599
0.666913
0.009953
0.915418
0.247945
0.808743
0.446953
0.534929
0.192809
0.928349
0.991157
0.290171
0.404413
0.666913
0.919848
0.924159
0.481816
0.192809
0.949090
0.453223
0.361775
0.645787
0.972517
0.910872
0.369946
0.488323
0.319514
0.851058
0.760042
0.687978
0.565535
0.481816
0.247945
0.949090
0.434555
0.302279
0.886460
0.792968
0.915418
0.437474
0.488323
0.260777
0.928349
0.652832
0.687978
0.652832
0.093508
0.821206
0.924159
0.915418
0.186038
0.915418
0.372892
0.210617
0.753315
