0.970039
0.687978
0.404413
0.017169
0.095372
0.159489
0.773363
0.035815
0.269609
0.309508
0.017169
0.475349
0.153709
0.528168
0.340199
0.196269
0.203341
0.456208
0.792968
0.294921
0.687978
0.243777
0.481816
0.551785
0.792968
0.808743
0.833382
0.652832
0.072841
0.314483
0.314483
0.786488
0.381222
0.989919
0.886460
0.708915
0.687978
0.269609
0.086372
0.659874
0.856782
0.572447
0.989919
0.987120
0.416320
0.494871
0.488323
0.873406
0.766726
0.015340
0.123878
0.687978
0.052975
0.964698
0.531367
0.521438
0.494871
0.579380
0.786488
0.558648
0.324601
0.324601
0.051880
0.915418
0.416320
0.156577
0.845248
0.891559
0.607295
0.416320
0.673945
0.607295
0.456208
0.340199
0.821206
0.372892
0.773363
0.008080
0.915418
0.488323
0.867958
0.116956
0.891559
0.687978
0.345510
0.760042
0.786488
0.309508
0.340199
0.964698
0.340199
0.961834
0.928349
0.586333
0.093508
0.572447
0.040722
0.786488
0.067143
0.910872
