0.425222
0.049752
0.353438
0.443672
0.243777
0.538143
0.231599
0.456208
0.182726
0.148107
0.189398
0.732903
0.027928
0.638743
0.449917
0.189398
0.517910
0.631702
0.538143
0.910872
0.247945
0.524622
0.285477
0.726032
0.732903
0.910872
0.827331
0.462545
0.280840
0.827331
0.243777
0.631702
0.952469
0.565535
0.304589
0.294921
0.456208
0.290171
0.631702
0.456208
0.617636
0.833382
0.988575
0.309508
0.348045
0.156577
0.329745
0.901437
0.026152
0.896552
0.196269
0.142680
0.309508
0.827331
0.093508
0.140030
0.906211
0.839356
0.334944
0.796018
0.652832
0.060591
0.958842
0.304589
0.712205
0.891559
0.159489
0.746548
0.019846
0.022675
0.392713
0.967432
0.881257
0.214332
0.666913
0.443672
0.239663
0.443672
0.369946
0.624665
0.896552
0.159489
0.821206
0.035052
0.022675
0.210617
0.967432
0.881257
0.278663
0.558648
0.544950
0.219903
0.600293
0.631702
0.065784
0.443672
0.145372
0.456208
0.551785
0.739743
