0.541722
0.481816
0.638743
0.792968
0.119225
0.329745
0.256445
0.156577
0.072841
0.416320
0.196269
0.210617
0.021216
0.434555
0.792968
0.064449
0.508082
0.067143
0.283274
0.851058
0.779952
0.299727
0.600293
0.050806
0.350877
0.673945
0.659874
0.839356
0.462545
0.579380
0.031141
0.274108
0.680967
0.924159
0.437474
0.739743
0.247945
0.456208
0.214332
0.156577
0.128687
0.680967
0.856782
0.369946
0.958842
0.182726
0.340199
0.773363
0.243777
0.269609
0.040722
0.329745
0.773363
0.851058
0.150886
0.652832
0.005624
0.105194
0.833382
0.726032
0.378532
0.156577
0.131151
0.256445
0.265165
0.680967
0.919848
0.449917
0.732903
0.011288
0.340199
0.839356
0.808743
0.125128
0.551785
0.233700
0.304589
0.078971
0.386941
0.168501
0.851058
0.687978
0.531367
0.652832
0.011288
0.340199
0.839356
0.891559
0.118146
0.475349
0.501457
0.586333
0.766726
0.621335
0.182726
0.350877
0.064449
0.446953
0.572447
0.746548
