0.712205
0.901437
0.375557
0.896552
0.456208
0.494871
0.896552
0.531367
0.428427
0.739743
0.309508
0.687978
0.856782
0.299727
0.753315
0.617636
0.171598
0.856782
0.186038
0.329745
0.833382
0.808743
0.340199
0.773363
0.050806
0.203341
0.891559
0.851058
0.309508
0.558648
0.494871
0.252167
0.687978
0.456208
0.753315
0.910872
0.983870
0.821206
0.645787
0.422349
0.067143
0.701955
0.309508
0.827331
0.919848
0.988575
0.314483
0.617636
0.381222
0.739743
0.593305
0.192809
0.862416
0.558648
0.012090
0.964698
0.659874
0.243777
0.381222
0.680967
0.638743
0.247945
0.381222
0.416320
0.827331
0.779952
0.386941
0.247945
0.845248
0.572447
0.815009
0.462545
0.269609
0.746548
0.833382
0.108254
0.243777
0.456208
0.350877
0.827331
0.851058
0.551785
0.123878
0.924159
0.732903
0.659874
0.375557
0.324601
0.659874
0.839356
0.112531
0.132333
0.551785
0.833382
0.112531
0.600293
0.766726
0.299727
0.856782
0.142680
