0.565535
0.760042
0.928349
0.404413
0.856782
0.600293
0.760042
0.786488
0.586333
0.514742
0.856782
0.786488
0.287941
0.165451
0.919848
0.928349
0.508082
0.017169
0.701955
0.265165
0.991157
0.862416
0.600293
0.095372
0.701955
0.404413
0.856782
0.428427
0.928349
0.687978
0.428427
0.168501
0.862416
0.386941
0.614310
0.579380
0.739743
0.928349
0.786488
0.766726
0.133656
0.867958
0.468925
0.614310
0.579380
0.821206
0.428427
0.012655
0.680967
0.924159
0.508082
0.103161
0.972517
0.746548
0.878757
0.851058
0.821206
0.600293
0.410341
0.645787
0.145372
0.792968
0.334944
0.779952
0.000760
0.928349
0.659874
0.521438
0.579380
0.901437
0.404413
0.593305
0.551785
0.140030
0.607295
0.652832
0.862416
0.278663
0.851058
0.000760
0.867958
0.666913
0.521438
0.862416
0.624665
0.694975
0.329745
0.652832
0.106169
0.856782
0.687978
0.985553
0.544950
0.404413
0.967432
0.600293
0.340199
0.416320
0.475349
0.994262
