0.043889
0.514742
0.593305
0.534929
0.928349
0.862416
0.514742
0.701955
0.739743
0.237734
0.862416
0.687978
0.252167
0.955720
0.038628
0.928349
0.153709
0.924159
0.659874
0.607295
0.105194
0.928349
0.309508
0.970039
0.319514
0.607295
0.153709
0.105194
0.586333
0.687978
0.309508
0.565535
0.600293
0.029816
0.398537
0.121532
0.361775
0.416320
0.701955
0.299727
0.862416
0.398537
0.022675
0.398537
0.309508
0.340199
0.719131
0.319514
0.924159
0.607295
0.732903
0.856782
0.494871
0.247945
0.586333
0.375557
0.074331
0.827331
0.059353
0.808743
0.078971
0.856782
0.786488
0.243777
0.766726
0.600293
0.039021
0.579380
0.119225
0.159489
0.309508
0.208682
0.815009
0.652832
0.501457
0.087282
0.687978
0.701955
0.299727
0.687978
0.851058
0.016787
0.687978
0.182726
0.174743
0.285477
0.104120
0.896552
0.631702
0.501457
0.144091
0.256445
0.910872
0.361775
0.779952
0.252167
0.862416
0.565535
0.422349
0.652832
