0.348045
0.456208
0.247945
0.348045
0.456208
0.673945
0.239663
0.227647
0.000893
0.294921
0.050806
0.265165
0.000006
0.231599
0.064449
0.381222
0.002958
0.192809
0.638743
0.501457
0.086372
0.304589
0.001536
0.051880
0.732903
0.501457
0.314483
0.456208
0.462545
0.309508
0.006476
0.018560
0.910872
0.687978
0.558648
0.624665
0.468925
0.558648
0.239663
0.003179
0.027324
0.645787
0.687978
0.659874
0.802412
0.970039
0.027324
0.603608
0.456208
0.299727
0.000162
0.036592
0.638743
0.687978
0.739743
0.952469
0.579380
0.007713
0.821206
0.786488
0.227647
0.462545
0.726032
0.012090
0.280840
0.652832
0.856782
0.381222
0.247945
0.766726
0.079726
0.821206
0.928349
0.821206
0.290171
0.010536
0.565535
0.624665
0.012090
0.353438
0.631702
0.779952
0.666913
0.142680
0.915418
0.088109
0.531367
0.967432
0.746548
0.285477
0.235604
0.443672
0.915418
0.132333
0.833382
0.000025
0.089877
0.456208
0.422349
0.901437
