0.127406
0.192809
0.309508
0.186038
0.687978
0.739743
0.189398
0.256445
0.314483
0.437474
0.773363
0.739743
0.488323
0.652832
0.223749
0.967432
0.544950
0.392713
0.150886
0.280840
0.142680
0.680967
0.732903
0.392713
0.369946
0.425222
0.043403
0.329745
0.252167
0.739743
0.851058
0.645787
0.231599
0.121532
0.214332
0.673945
0.468925
0.381222
0.839356
0.753315
0.456208
0.239663
0.260777
0.162447
0.760042
0.867958
0.508082
0.425222
0.252167
0.196269
0.572447
0.896552
0.358886
0.121532
0.586333
0.760042
0.177934
0.586333
0.949090
0.886460
0.314483
0.256445
0.314483
0.760042
0.449917
0.231599
0.319514
0.851058
0.488323
0.867958
0.579380
0.739743
0.808743
0.856782
0.278663
0.915418
0.050806
0.579380
0.544950
0.449917
0.186038
0.404413
0.753315
0.572447
0.867958
0.600293
0.631702
0.815009
0.851058
0.278663
0.862416
0.839356
0.621335
0.067143
0.324601
0.243777
0.910872
0.652832
0.132333
0.404413
