0.988575
0.558648
0.732903
0.991157
0.112531
0.867958
0.746548
0.199779
0.198110
0.687978
0.449917
0.867958
0.122762
0.867958
0.919848
0.142680
0.378532
0.292664
0.367306
0.524622
0.967432
0.358886
0.307171
0.528168
0.528168
0.358886
0.924159
0.247945
0.732903
0.970039
0.125128
0.862416
0.218100
0.732903
0.256445
0.856782
0.593305
0.544950
0.862416
0.122762
0.862416
0.404413
0.732903
0.319514
0.600293
0.701955
0.821206
0.673945
0.375557
0.673945
0.075127
0.779952
0.579380
0.304589
0.565535
0.501457
0.350877
0.375557
0.572447
0.538143
0.517910
0.039863
0.673945
0.075127
0.334944
0.586333
0.896552
0.203341
0.932418
0.708915
0.638743
0.324601
0.364388
0.223749
0.309508
0.364388
0.088109
0.416320
0.158104
0.218100
0.501457
0.949090
0.203341
0.873406
0.792968
0.815009
0.324601
0.252167
0.169963
0.375557
0.156577
0.845248
0.404413
0.967432
0.358886
0.302279
0.302279
0.614310
0.538143
0.481816
