0.792968
0.350877
0.398537
0.991157
0.206953
0.631702
0.428427
0.110374
0.538143
0.607295
0.095372
0.364388
0.481816
0.428427
0.701955
0.456208
0.524622
0.191187
0.910872
0.192809
0.867958
0.369946
0.802412
0.149564
0.910872
0.088109
0.628368
0.659874
0.392713
0.896552
0.404413
0.356298
0.196269
0.256445
0.851058
0.964698
0.845248
0.324601
0.896552
0.659874
0.233700
0.381222
0.256445
0.579380
0.779952
0.961834
0.231599
0.760042
0.040722
0.247945
0.475349
0.528168
0.309508
0.659874
0.488323
0.967432
0.961834
0.186038
0.645787
0.600293
0.579380
0.260777
0.906211
0.659874
0.621335
0.304589
0.565535
0.494871
0.991157
0.989919
0.082990
0.256445
0.508082
0.891559
0.121532
0.773363
0.329745
0.821206
0.659874
0.708915
0.304589
0.565535
0.673945
0.862416
0.989919
0.082990
0.456208
0.508082
0.753315
0.121532
0.845248
0.404413
0.827331
0.687978
0.071377
0.631702
0.225794
0.856782
0.299727
0.521438
