0.088109
0.126262
0.701955
0.022179
0.508082
0.049752
0.214332
0.481816
0.386941
0.324601
0.694975
0.112531
0.867958
0.247945
0.481816
0.565535
0.565535
0.687978
0.808743
0.078138
0.494871
0.659874
0.319514
0.687978
0.179463
0.173082
0.792968
0.746548
0.701955
0.652832
0.398537
0.203341
0.035052
0.199779
0.856782
0.114725
0.565535
0.856782
0.398537
0.494871
0.462545
0.538143
0.027928
0.862416
0.247945
0.565535
0.462545
0.071377
0.694975
0.392713
0.666913
0.095372
0.544950
0.011288
0.410341
0.089877
0.579380
0.746548
0.708915
0.082990
0.652832
0.350877
0.475349
0.666913
0.054091
0.732903
0.039021
0.673945
0.199779
0.919848
0.381222
0.278663
0.443672
0.572447
0.680967
0.753315
0.324601
0.340199
0.565535
0.054091
0.732903
0.084666
0.422349
0.256445
0.906211
0.544950
0.144091
0.443672
0.565535
0.766726
0.586333
0.218100
0.544950
0.171598
0.481816
0.260777
0.786488
0.114725
0.023949
0.181174
