0.851058
0.329745
0.488323
0.481816
0.428427
0.475349
0.593305
0.760042
0.243777
0.364388
0.694975
0.652832
0.705254
0.443672
0.659874
0.593305
0.558648
0.231599
0.169963
0.392713
0.673945
0.494871
0.753315
0.231599
0.166890
0.572447
0.488323
0.972517
0.488323
0.839356
0.182726
0.299727
0.558648
0.294921
0.687978
0.356298
0.719131
0.572447
0.659874
0.239663
0.456208
0.364388
0.247945
0.766726
0.593305
0.726032
0.137423
0.967432
0.324601
0.475349
0.116956
0.952469
0.369946
0.538143
0.593305
0.773363
0.084666
0.358886
0.369946
0.416320
0.165451
0.165451
0.256445
0.036592
0.827331
0.189398
0.304589
0.334944
0.508082
0.980148
0.285477
0.369946
0.422349
0.334944
0.398537
0.659874
0.165451
0.314483
0.028545
0.821206
0.235604
0.247945
0.340199
0.766726
0.821206
0.280840
0.652832
0.392713
0.334944
0.214332
0.766726
0.952469
0.531367
0.544950
0.233700
0.375557
0.431323
0.425222
0.746548
0.260777
