0.972517
0.773363
0.766726
0.593305
0.924159
0.833382
0.928349
0.645787
0.319514
0.099199
0.970039
0.760042
0.186038
0.607295
0.873406
0.833382
0.468925
0.481816
0.416320
0.779952
0.867958
0.827331
0.314483
0.481816
0.274108
0.779952
0.666913
0.607295
0.766726
0.839356
0.256445
0.256445
0.600293
0.786488
0.494871
0.753315
0.808743
0.766726
0.488323
0.260777
0.680967
0.210617
0.862416
0.422349
0.732903
0.726032
0.666913
0.468925
0.766726
0.481816
0.746548
0.123878
0.792968
0.766726
0.136202
0.652832
0.192809
0.319514
0.189398
0.345510
0.468925
0.919848
0.906211
0.256445
0.123878
0.514742
0.924159
0.416320
0.565535
0.114725
0.121532
0.243777
0.265165
0.746548
0.652832
0.802412
0.773363
0.839356
0.260777
0.265165
0.274108
0.919848
0.422349
0.645787
0.186038
0.057570
0.468925
0.265165
0.449917
0.760042
0.596613
0.260777
0.839356
0.932418
0.915418
0.652832
0.381222
0.345510
0.687978
0.168501
