0.833382
0.524622
0.227647
0.983870
0.358886
0.319514
0.624665
0.631702
0.159489
0.985553
0.223749
0.845248
0.443672
0.732903
0.732903
0.173082
0.392713
0.468925
0.821206
0.958842
0.732903
0.227647
0.468925
0.753315
0.821206
0.901437
0.501457
0.753315
0.176249
0.260777
0.449917
0.906211
0.631702
0.340199
0.970039
0.145372
0.558648
0.531367
0.375557
0.468925
0.732903
0.906211
0.162447
0.851058
0.051880
0.386941
0.558648
0.694975
0.227647
0.739743
0.243777
0.746548
0.381222
0.481816
0.993324
0.119225
0.404413
0.544950
0.586333
0.136202
0.906211
0.425222
0.659874
0.538143
0.739743
0.958842
0.488323
0.970039
0.186038
0.915418
0.833382
0.773363
0.687978
0.398537
0.043840
0.468925
0.719131
0.449917
0.462545
0.732903
0.961834
0.481816
0.992290
0.314483
0.645787
0.833382
0.867958
0.579380
0.398537
0.044778
0.652832
0.928349
0.786488
0.906211
0.100125
0.475349
0.652832
0.449917
0.666913
0.673945
