0.779952
0.773363
0.919848
0.924159
0.773363
0.488323
0.773363
0.494871
0.999213
0.753315
0.970039
0.773363
0.901437
0.952469
0.687978
0.673945
0.919848
0.206953
0.645787
0.521438
0.501457
0.666913
0.779952
0.398537
0.645787
0.521438
0.760042
0.773363
0.970039
0.593305
0.949090
0.579380
0.687978
0.434555
0.638743
0.334944
0.064449
0.970039
0.760042
0.961834
0.252167
0.694975
0.297443
0.952469
0.398537
0.068529
0.269609
0.416320
0.919848
0.579380
0.998961
0.827331
0.773363
0.233700
0.199779
0.579380
0.114725
0.673945
0.932418
0.358886
0.514742
0.845248
0.416320
0.901437
0.906211
0.862416
0.356298
0.910872
0.839356
0.039863
0.851058
0.600293
0.145372
0.773363
0.708915
0.233700
0.773363
0.488323
0.839356
0.961834
0.845248
0.372892
0.983870
0.579380
0.088109
0.600293
0.600293
0.179463
0.694975
0.708915
0.422349
0.494871
0.680967
0.753315
0.673945
0.924159
0.958842
0.746548
0.514742
0.340199
