0.494871
0.851058
0.910872
0.680967
0.955720
0.687978
0.680967
0.659874
0.673945
0.422349
0.896552
0.687978
0.694975
0.558648
0.753315
0.915418
0.398537
0.600293
0.437474
0.283274
0.924159
0.839356
0.260777
0.694975
0.712205
0.345510
0.381222
0.792968
0.645787
0.586333
0.867958
0.753315
0.462545
0.319514
0.680967
0.340199
0.353438
0.845248
0.097269
0.862416
0.856782
0.517910
0.165451
0.687978
0.340199
0.110374
0.952469
0.760042
0.833382
0.753315
0.283274
0.680967
0.142680
0.206953
0.131151
0.345510
0.705254
0.808743
0.845248
0.851058
0.593305
0.988575
0.398537
0.600293
0.673945
0.114725
0.319514
0.593305
0.694975
0.223749
0.891559
0.839356
0.475349
0.404413
0.952469
0.910872
0.851058
0.398537
0.600293
0.773363
0.176249
0.165451
0.600293
0.773363
0.182726
0.952469
0.739743
0.475349
0.481816
0.906211
0.910872
0.746548
0.827331
0.659874
0.760042
0.475349
0.600293
0.235604
0.184463
0.358886
