0.694975
0.972517
0.928349
0.739743
0.991157
0.203341
0.970039
0.964698
0.906211
0.369946
0.753315
0.989919
0.108254
0.083868
0.600293
0.159489
0.906211
0.290171
0.292664
0.049752
0.970039
0.159489
0.739743
0.239663
0.356298
0.065784
0.924159
0.992290
0.932418
0.544950
0.231599
0.334944
0.008867
0.961834
0.924159
0.901437
0.687978
0.862416
0.475349
0.538143
0.252167
0.168501
0.189398
0.924159
0.906211
0.334944
0.231599
0.350877
0.972517
0.958842
0.821206
0.040722
0.078971
0.239663
0.862416
0.955720
0.013861
0.084666
0.593305
0.446953
0.851058
0.972517
0.309508
0.624665
0.162447
0.324601
0.739743
0.862416
0.821206
0.416320
0.112531
0.350877
0.297443
0.701955
0.521438
0.773363
0.972517
0.314483
0.896552
0.162447
0.203341
0.638743
0.919848
0.839356
0.329745
0.114725
0.434555
0.283274
0.701955
0.701955
0.694975
0.856782
0.456208
0.928349
0.906211
0.919848
0.173082
0.144091
0.015690
0.779952
