0.048235
0.375557
0.886460
0.067143
0.182726
0.867958
0.304589
0.199779
0.779952
0.314483
0.891559
0.410341
0.970039
0.732903
0.392713
0.645787
0.521438
0.659874
0.538143
0.851058
0.252167
0.652832
0.701955
0.958842
0.732903
0.773363
0.614310
0.521438
0.712205
0.851058
0.845248
0.901437
0.392713
0.514742
0.521438
0.462545
0.475349
0.531367
0.746548
0.766726
0.906211
0.906211
0.521438
0.621335
0.369946
0.815009
0.039021
0.659874
0.294921
0.156577
0.851058
0.558648
0.645787
0.297443
0.521438
0.243777
0.886460
0.538143
0.739743
0.162447
0.392713
0.064449
0.314483
0.579380
0.468925
0.988575
0.514742
0.628368
0.309508
0.443672
0.084666
0.906211
0.123878
0.551785
0.017169
0.297443
0.082990
0.314483
0.494871
0.475349
0.988575
0.514742
0.621335
0.375557
0.443672
0.067143
0.952469
0.422349
0.179463
0.012947
0.600293
0.319514
0.538143
0.314483
0.369946
0.514742
0.839356
0.739743
0.475349
0.521438
