0.348045
0.065784
0.719131
0.227647
0.196269
0.386941
0.443672
0.739743
0.851058
0.544950
0.551785
0.462545
0.972517
0.579380
0.726032
0.443672
0.481816
0.410341
0.544950
0.558648
0.638743
0.538143
0.324601
0.488323
0.381222
0.558648
0.932418
0.206953
0.712205
0.206953
0.919848
0.766726
0.142680
0.766726
0.792968
0.462545
0.746548
0.808743
0.375557
0.514742
0.666913
0.176249
0.593305
0.792968
0.558648
0.746548
0.766726
0.223749
0.443672
0.827331
0.779952
0.924159
0.106169
0.210617
0.792968
0.827331
0.572447
0.919848
0.005492
0.600293
0.381222
0.186038
0.091676
0.680967
0.851058
0.705254
0.579380
0.708915
0.821206
0.329745
0.915418
0.348045
0.607295
0.114725
0.967432
0.544950
0.186038
0.091676
0.600293
0.851058
0.705254
0.572447
0.708915
0.827331
0.558648
0.687978
0.348045
0.687978
0.398537
0.462545
0.652832
0.792968
0.508082
0.081343
0.531367
0.845248
0.924159
0.243777
0.468925
0.218100
