0.766726
0.579380
0.334944
0.174743
0.314483
0.839356
0.404413
0.766726
0.256445
0.862416
0.481816
0.739743
0.274108
0.851058
0.928349
0.252167
0.915418
0.867958
0.565535
0.145372
0.579380
0.558648
0.845248
0.867958
0.753315
0.038195
0.779952
0.845248
0.760042
0.652832
0.694975
0.753315
0.038195
0.760042
0.851058
0.867958
0.652832
0.579380
0.673945
0.766726
0.666913
0.038195
0.760042
0.673945
0.786488
0.839356
0.821206
0.856782
0.481816
0.673945
0.416320
0.659874
0.029816
0.753315
0.851058
0.501457
0.753315
0.299727
0.766726
0.760042
0.014997
0.260777
0.910872
0.867958
0.753315
0.068529
0.851058
0.760042
0.422349
0.732903
0.901437
0.766726
0.991157
0.086372
0.531367
0.746548
0.210617
0.967432
0.964698
0.488323
0.068529
0.856782
0.760042
0.514742
0.901437
0.624665
0.766726
0.992290
0.108254
0.531367
0.766726
0.988575
0.614310
0.773363
0.468925
0.687978
0.334944
0.910872
0.020750
0.924159
