0.739743
0.039863
0.210617
0.481816
0.214332
0.760042
0.256445
0.779952
0.936363
0.600293
0.057570
0.970039
0.715853
0.044778
0.235604
0.428427
0.932418
0.012370
0.624665
0.773363
0.192809
0.514742
0.867958
0.052975
0.443672
0.494871
0.915418
0.468925
0.199779
0.867958
0.799391
0.026152
0.652832
0.915418
0.544950
0.319514
0.919848
0.579380
0.773363
0.799391
0.014661
0.565535
0.753315
0.901437
0.746548
0.779952
0.808743
0.381222
0.097269
0.856782
0.873406
0.014661
0.753315
0.964698
0.544950
0.314483
0.773363
0.985553
0.314483
0.104120
0.278663
0.247945
0.345510
0.708915
0.000103
0.652832
0.915418
0.739743
0.386941
0.845248
0.821206
0.199779
0.280840
0.919848
0.572447
0.428427
0.165451
0.274108
0.701955
0.000103
0.659874
0.915418
0.815009
0.319514
0.924159
0.726032
0.243777
0.280840
0.932418
0.572447
0.287941
0.726032
0.607295
0.145372
0.607295
0.792968
0.069940
0.624665
0.773363
0.910872
