0.285477
0.910872
0.955720
0.285477
0.192809
0.862416
0.558648
0.449917
0.928349
0.283274
0.726032
0.687978
0.302279
0.638743
0.179463
0.189398
0.786488
0.428427
0.955720
0.150886
0.901437
0.243777
0.932418
0.283274
0.891559
0.153709
0.773363
0.169963
0.821206
0.680967
0.528168
0.906211
0.285477
0.481816
0.112531
0.218100
0.129849
0.551785
0.572447
0.792968
0.766726
0.531367
0.319514
0.186038
0.283274
0.076579
0.501457
0.645787
0.462545
0.680967
0.607295
0.760042
0.112531
0.579380
0.014997
0.779952
0.001048
0.345510
0.260777
0.108254
0.048718
0.544950
0.862416
0.181174
0.961834
0.431323
0.488323
0.294921
0.428427
0.024483
0.600293
0.739743
0.020750
0.961834
0.659874
0.906211
0.299727
0.572447
0.345510
0.766726
0.726032
0.256445
0.369946
0.345510
0.024483
0.680967
0.919848
0.007894
0.958842
0.659874
0.666913
0.856782
0.792968
0.299727
0.726032
0.708915
0.283274
0.150886
0.739743
0.579380
