0.285477
0.645787
0.967432
0.952469
0.862416
0.203341
0.652832
0.680967
0.203341
0.910872
0.972517
0.666913
0.410341
0.079726
0.449917
0.924159
0.218100
0.192809
0.088109
0.593305
0.462545
0.924159
0.218100
0.192809
0.114725
0.416320
0.039863
0.239663
0.970039
0.746548
0.766726
0.027928
0.077396
0.593305
0.294921
0.040722
0.314483
0.970039
0.833382
0.786488
0.112531
0.133656
0.753315
0.153709
0.039863
0.565535
0.586333
0.739743
0.579380
0.638743
0.105194
0.145372
0.766726
0.967432
0.196269
0.051880
0.314483
0.773363
0.565535
0.666913
0.572447
0.919848
0.386941
0.494871
0.189398
0.329745
0.494871
0.304589
0.243777
0.252167
0.680967
0.260777
0.845248
0.753315
0.392713
0.319514
0.919848
0.386941
0.600293
0.179463
0.274108
0.753315
0.156577
0.243777
0.256445
0.680967
0.462545
0.673945
0.673945
0.392713
0.760042
0.964698
0.915418
0.645787
0.760042
0.586333
0.162447
0.223749
0.786488
0.309508
