0.896552
0.851058
0.753315
0.223749
0.659874
0.475349
0.673945
0.638743
0.901437
0.827331
0.652832
0.760042
0.739743
0.910872
0.579380
0.369946
0.572447
0.196269
0.779952
0.475349
0.833382
0.186038
0.579380
0.544950
0.862416
0.666913
0.319514
0.443672
0.760042
0.123878
0.544950
0.910872
0.345510
0.299727
0.392713
0.010062
0.192809
0.753315
0.095372
0.891559
0.652832
0.614310
0.544950
0.068529
0.013697
0.145372
0.494871
0.624665
0.753315
0.753315
0.891559
0.910872
0.792968
0.449917
0.040722
0.023949
0.732903
0.260777
0.524622
0.845248
0.304589
0.252167
0.398537
0.304589
0.304589
0.715853
0.364388
0.839356
0.032152
0.719131
0.128687
0.891559
0.746548
0.392713
0.002559
0.645787
0.256445
0.468925
0.304589
0.481816
0.422349
0.456208
0.821206
0.140030
0.285477
0.416320
0.353438
0.739743
0.488323
0.013087
0.182726
0.694975
0.012655
0.558648
0.726032
0.773363
0.886460
0.786488
0.475349
0.821206
