0.827331
0.468925
0.773363
0.565535
0.488323
0.856782
0.961834
0.410341
0.687978
0.839356
0.218100
0.919848
0.614310
0.617636
0.398537
0.514742
0.586333
0.760042
0.827331
0.112531
0.260777
0.607295
0.586333
0.558648
0.906211
0.189398
0.579380
0.319514
0.252167
0.779952
0.779952
0.375557
0.294921
0.416320
0.468925
0.896552
0.189398
0.410341
0.260777
0.786488
0.462545
0.726032
0.099199
0.673945
0.227647
0.456208
0.299727
0.110374
0.488323
0.404413
0.694975
0.638743
0.443672
0.508082
0.833382
0.148107
0.538143
0.617636
0.247945
0.054091
0.280840
0.260777
0.572447
0.607295
0.631702
0.631702
0.410341
0.123878
0.247945
0.189398
0.431323
0.309508
0.030472
0.047704
0.023183
0.501457
0.260777
0.680967
0.586333
0.652832
0.821206
0.206953
0.494871
0.106169
0.189398
0.239663
0.369946
0.345510
0.001936
0.052975
0.229720
0.256445
0.698284
0.475349
0.422349
0.687978
0.673945
0.739743
0.531367
0.422349
