0.715853
0.652832
0.243777
0.475349
0.010062
0.614310
0.199779
0.247945
0.746548
0.600293
0.425222
0.593305
0.645787
0.593305
0.924159
0.108254
0.687978
0.652832
0.256445
0.915418
0.839356
0.364388
0.340199
0.839356
0.162447
0.666913
0.964698
0.350877
0.290171
0.416320
0.941949
0.687978
0.243777
0.873406
0.839356
0.565535
0.252167
0.652832
0.196269
0.544950
0.687978
0.314483
0.579380
0.746548
0.867958
0.134857
0.851058
0.786488
0.369946
0.488323
0.827331
0.680967
0.247945
0.862416
0.659874
0.773363
0.353438
0.851058
0.521438
0.011032
0.488323
0.027324
0.171598
0.886460
0.514742
0.638743
0.687978
0.097269
0.579380
0.431323
0.919848
0.416320
0.039021
0.475349
0.369946
0.779952
0.153709
0.069940
0.746548
0.494871
0.659874
0.579380
0.199779
0.614310
0.219903
0.919848
0.416320
0.084666
0.475349
0.199779
0.964698
0.428427
0.565535
0.766726
0.342708
0.416320
0.468925
0.265165
0.833382
0.972517
