0.572447
0.964698
0.760042
0.572447
0.856782
0.077396
0.753315
0.468925
0.805752
0.924159
0.856782
0.579380
0.878757
0.007535
0.659874
0.967432
0.680967
0.708915
0.035052
0.952469
0.410341
0.924159
0.856782
0.614310
0.035052
0.985553
0.101163
0.827331
0.753315
0.673945
0.878757
0.015340
0.369946
0.521438
0.189398
0.481816
0.746548
0.565535
0.910872
0.715853
0.091676
0.531367
0.694975
0.189398
0.488323
0.815009
0.345510
0.919848
0.961834
0.565535
0.534929
0.005895
0.304589
0.701955
0.112531
0.398537
0.386941
0.278663
0.468925
0.051880
0.694975
0.839356
0.666913
0.799391
0.021216
0.299727
0.708915
0.443672
0.766726
0.252167
0.600293
0.732903
0.159489
0.779952
0.121532
0.862416
0.833382
0.666913
0.799391
0.123878
0.145372
0.494871
0.652832
0.475349
0.247945
0.600293
0.833382
0.150886
0.779952
0.214332
0.572447
0.936363
0.631702
0.919848
0.972517
0.501457
0.799391
0.003989
0.456208
0.265165
