0.967432
0.673945
0.558648
0.924159
0.659874
0.896552
0.753315
0.915418
0.040722
0.746548
0.766726
0.538143
0.074331
0.941949
0.218100
0.833382
0.565535
0.821206
0.746548
0.645787
0.029174
0.833382
0.199779
0.739743
0.558648
0.896552
0.002438
0.645787
0.579380
0.961834
0.159489
0.610616
0.558648
0.018980
0.231599
0.827331
0.449917
0.381222
0.856782
0.150886
0.631702
0.558648
0.082990
0.078138
0.827331
0.524622
0.773363
0.915418
0.753315
0.851058
0.029816
0.941949
0.845248
0.013697
0.179463
0.952469
0.802412
0.687978
0.760042
0.955720
0.375557
0.919848
0.999581
0.468925
0.517910
0.753315
0.004085
0.104120
0.475349
0.437474
0.862416
0.652832
0.572447
0.652832
0.652832
0.082206
0.839356
0.999581
0.468925
0.815009
0.558648
0.020293
0.017747
0.468925
0.437474
0.924159
0.856782
0.309508
0.896552
0.494871
0.075850
0.123878
0.544950
0.779952
0.896552
0.214332
0.235604
0.896552
0.558648
0.000160
