0.845248
0.715853
0.174743
0.501457
0.614310
0.521438
0.687978
0.614310
0.607295
0.998961
0.184463
0.701955
0.851058
0.029174
0.165451
0.779952
0.621335
0.967432
0.419169
0.558648
0.701955
0.278663
0.446953
0.967432
0.127406
0.162447
0.967432
0.928349
0.138790
0.428427
0.862416
0.008270
0.449917
0.494871
0.572447
0.779952
0.051880
0.278663
0.446953
0.970039
0.247945
0.192809
0.206953
0.906211
0.701955
0.010536
0.431323
0.538143
0.521438
0.528168
0.851058
0.314483
0.014997
0.766726
0.910872
0.514742
0.002033
0.443672
0.203341
0.821206
0.638743
0.514742
0.715853
0.924159
0.375557
0.110374
0.773363
0.910872
0.614310
0.000509
0.050806
0.462545
0.726032
0.987120
0.565535
0.501457
0.494871
0.628368
0.924159
0.375557
0.148107
0.673945
0.964698
0.773363
0.028545
0.000522
0.386941
0.726032
0.987120
0.572447
0.579380
0.221921
0.952469
0.673945
0.694975
0.302279
0.989919
0.002187
0.252167
0.915418
