0.970039
0.437474
0.437474
0.964698
0.011288
0.381222
0.524622
0.732903
0.924159
0.839356
0.531367
0.645787
0.839356
0.292664
0.285477
0.182726
0.680967
0.955720
0.340199
0.958842
0.309508
0.290171
0.680967
0.645787
0.340199
0.955720
0.666913
0.386941
0.285477
0.821206
0.746548
0.514742
0.544950
0.739743
0.760042
0.680967
0.243777
0.186038
0.645787
0.572447
0.416320
0.638743
0.746548
0.659874
0.680967
0.294921
0.348045
0.891559
0.517910
0.314483
0.988575
0.786488
0.054091
0.901437
0.910872
0.867958
0.705254
0.290171
0.176249
0.673945
0.652832
0.108254
0.192809
0.565535
0.694975
0.116956
0.746548
0.989919
0.786488
0.617636
0.280840
0.364388
0.398537
0.833382
0.410341
0.106169
0.049752
0.192809
0.572447
0.687978
0.116956
0.753315
0.989919
0.856782
0.638743
0.280840
0.504591
0.218100
0.833382
0.481816
0.082990
0.256445
0.186038
0.958842
0.294921
0.666913
0.985553
0.061253
0.985553
0.845248
