0.901437
0.901437
0.833382
0.901437
0.475349
0.350877
0.949090
0.501457
0.422349
0.845248
0.760042
0.600293
0.488323
0.538143
0.189398
0.760042
0.297443
0.084666
0.381222
0.586333
0.369946
0.919848
0.534929
0.524622
0.551785
0.404413
0.501457
0.488323
0.329745
0.680967
0.862416
0.524622
0.386941
0.404413
0.177934
0.572447
0.319514
0.309508
0.600293
0.924159
0.524622
0.579380
0.375557
0.085560
0.773363
0.145372
0.459538
0.753315
0.839356
0.786488
0.494871
0.624665
0.673945
0.192809
0.144091
0.269609
0.142680
0.312119
0.856782
0.753315
0.247945
0.324601
0.345510
0.579380
0.001186
0.919848
0.119225
0.177934
0.481816
0.739743
0.459538
0.760042
0.659874
0.123878
0.919848
0.524622
0.309508
0.345510
0.501457
0.001574
0.856782
0.119225
0.233700
0.481816
0.638743
0.534929
0.779952
0.558648
0.243777
0.687978
0.712205
0.839356
0.989919
0.558648
0.919848
0.521438
0.645787
0.719131
0.131151
0.579380
