0.528168
0.372892
0.521438
0.307171
0.528168
0.029174
0.312119
0.329745
0.005364
0.607295
0.614310
0.398537
0.007361
0.488323
0.440730
0.534929
0.000177
0.645787
0.579380
0.964698
0.446953
0.528168
0.000177
0.645787
0.579380
0.659874
0.614310
0.773363
0.534929
0.010185
0.017747
0.481816
0.760042
0.600293
0.773363
0.732903
0.260777
0.621335
0.007452
0.013697
0.494871
0.896552
0.600293
0.694975
0.833382
0.531367
0.150886
0.694975
0.440730
0.422349
0.013697
0.773363
0.304589
0.694975
0.593305
0.645787
0.538143
0.030472
0.579380
0.680967
0.428427
0.367306
0.060002
0.025028
0.398537
0.746548
0.600293
0.779952
0.726032
0.638743
0.028545
0.862416
0.687978
0.210617
0.348045
0.247945
0.459538
0.056388
0.025028
0.334944
0.746548
0.680967
0.779952
0.910872
0.364388
0.028545
0.856782
0.773363
0.324601
0.239663
0.192809
0.304589
0.462545
0.708915
0.440730
0.018980
0.719131
0.210617
0.579380
0.614310
