0.534929
0.422349
0.416320
0.607295
0.350877
0.404413
0.345510
0.350877
0.739743
0.873406
0.278663
0.760042
0.845248
0.528168
0.221921
0.350877
0.652832
0.932418
0.049260
0.586333
0.481816
0.607295
0.558648
0.694975
0.049260
0.845248
0.739743
0.805752
0.283274
0.666913
0.760042
0.534929
0.593305
0.833382
0.760042
0.878757
0.043403
0.345510
0.481816
0.958842
0.307171
0.269609
0.753315
0.839356
0.805752
0.071377
0.319514
0.329745
0.501457
0.488323
0.906211
0.302279
0.593305
0.910872
0.475349
0.621335
0.089877
0.468925
0.915418
0.586333
0.002296
0.410341
0.265165
0.659874
0.453223
0.680967
0.558648
0.760042
0.715853
0.192809
0.386941
0.156577
0.501457
0.008465
0.955720
0.680967
0.221921
0.265165
0.659874
0.534929
0.593305
0.565535
0.833382
0.628368
0.392713
0.192809
0.156577
0.579380
0.008465
0.910872
0.760042
0.309508
0.443672
0.766726
0.229720
0.475349
0.600293
0.367306
0.839356
0.833382
