0.538143
0.558648
0.274108
0.802412
0.878757
0.196269
0.659874
0.779952
0.808743
0.821206
0.274108
0.652832
0.808743
0.821206
0.746548
0.673945
0.551785
0.839356
0.186038
0.016590
0.468925
0.673945
0.739743
0.839356
0.369946
0.030125
0.862416
0.827331
0.274108
0.753315
0.624665
0.652832
0.104120
0.449917
0.970039
0.243777
0.342708
0.274108
0.652832
0.437474
0.659874
0.290171
0.348045
0.680967
0.839356
0.166890
0.586333
0.992290
0.334944
0.833382
0.982069
0.071377
0.082990
0.140030
0.924159
0.991157
0.023949
0.687978
0.488323
0.247945
0.815009
0.786488
0.558648
0.945583
0.260777
0.348045
0.046710
0.924159
0.551785
0.104120
0.773363
0.269609
0.150886
0.544950
0.955720
0.796018
0.680967
0.666913
0.881257
0.314483
0.290171
0.046710
0.924159
0.839356
0.043840
0.773363
0.265165
0.319514
0.294921
0.952469
0.949090
0.541722
0.572447
0.815009
0.501457
0.901437
0.906211
0.449917
0.001844
0.856782
