0.191187
0.680967
0.839356
0.528168
0.565535
0.967432
0.673945
0.274108
0.680967
0.324601
0.961834
0.165451
0.572447
0.404413
0.856782
0.488323
0.862416
0.666913
0.845248
0.760042
0.278663
0.501457
0.862416
0.488323
0.901437
0.680967
0.694975
0.410341
0.987120
0.521438
0.845248
0.659874
0.701955
0.593305
0.827331
0.299727
0.203341
0.159489
0.792968
0.856782
0.462545
0.694975
0.680967
0.746548
0.558648
0.150886
0.558648
0.845248
0.652832
0.521438
0.673945
0.462545
0.422349
0.269609
0.381222
0.462545
0.551785
0.839356
0.488323
0.719131
0.297443
0.645787
0.708915
0.680967
0.068529
0.593305
0.345510
0.901437
0.150886
0.386941
0.565535
0.673945
0.719131
0.446953
0.666913
0.162447
0.638743
0.792968
0.680967
0.068529
0.614310
0.481816
0.666913
0.314483
0.235604
0.565535
0.845248
0.462545
0.440730
0.673945
0.437474
0.187800
0.645787
0.593305
0.673945
0.410341
0.659874
0.398537
0.324601
0.283274
