0.218100
0.481816
0.645787
0.265165
0.833382
0.231599
0.162447
0.961834
0.199779
0.116956
0.753315
0.524622
0.586333
0.488323
0.274108
0.314483
0.252167
0.243777
0.434555
0.174743
0.324601
0.468925
0.150886
0.538143
0.434555
0.105194
0.666913
0.600293
0.579380
0.524622
0.475349
0.579380
0.191187
0.319514
0.579380
0.027928
0.126262
0.069940
0.544950
0.392713
0.475349
0.361775
0.168501
0.572447
0.030472
0.088109
0.446953
0.565535
0.462545
0.726032
0.041598
0.159489
0.297443
0.680967
0.324601
0.051880
0.119225
0.446953
0.134857
0.766726
0.694975
0.252167
0.189398
0.392713
0.123878
0.446953
0.410341
0.017559
0.011288
0.565535
0.434555
0.524622
0.964698
0.475349
0.524622
0.967432
0.252167
0.150886
0.468925
0.123878
0.621335
0.410341
0.017559
0.012655
0.304589
0.440730
0.624665
0.906211
0.475349
0.631702
0.915418
0.443672
0.586333
0.218100
0.988575
0.375557
0.006179
0.628368
0.494871
0.410341
