0.302279
0.345510
0.356298
0.701955
0.715853
0.659874
0.694975
0.481816
0.867958
0.494871
0.701955
0.256445
0.967432
0.862416
0.514742
0.586333
0.501457
0.314483
0.708915
0.701955
0.600293
0.265165
0.694975
0.746548
0.614310
0.786488
0.285477
0.024768
0.687978
0.319514
0.862416
0.494871
0.708915
0.558648
0.026152
0.673945
0.422349
0.428427
0.386941
0.862416
0.579380
0.708915
0.652832
0.050806
0.243777
0.501457
0.404413
0.701955
0.422349
0.565535
0.851058
0.928349
0.708915
0.901437
0.235604
0.468925
0.687978
0.572447
0.184463
0.628368
0.283274
0.862416
0.314483
0.687978
0.593305
0.434555
0.827331
0.004184
0.910872
0.694975
0.915418
0.287941
0.534929
0.112531
0.299727
0.792968
0.607295
0.319514
0.786488
0.753315
0.434555
0.572447
0.005895
0.827331
0.779952
0.915418
0.428427
0.372892
0.119225
0.456208
0.673945
0.243777
0.680967
0.177934
0.422349
0.666913
0.958842
0.799391
0.607295
0.231599
