0.534929
0.593305
0.779952
0.792968
0.856782
0.896552
0.508082
0.910872
0.945583
0.862416
0.673945
0.638743
0.732903
0.133656
0.481816
0.687978
0.290171
0.666913
0.475349
0.967432
0.862416
0.687978
0.290171
0.659874
0.386941
0.992290
0.739743
0.565535
0.673945
0.753315
0.719131
0.428427
0.952469
0.910872
0.753315
0.624665
0.091676
0.779952
0.746548
0.719131
0.680967
0.449917
0.833382
0.666913
0.538143
0.437474
0.558648
0.528168
0.680967
0.833382
0.732903
0.779952
0.148107
0.475349
0.910872
0.896552
0.182726
0.739743
0.356298
0.437474
0.873406
0.673945
0.565535
0.086372
0.600293
0.299727
0.252167
0.746548
0.985553
0.299727
0.901437
0.356298
0.145372
0.906211
0.924159
0.572447
0.593305
0.565535
0.086372
0.851058
0.299727
0.252167
0.488323
0.985553
0.294921
0.906211
0.350877
0.148107
0.961834
0.845248
0.833382
0.398537
0.437474
0.494871
0.600293
0.712205
0.572447
0.156577
0.851058
0.392713
