0.410341
0.324601
0.456208
0.786488
0.256445
0.631702
0.269609
0.398537
0.182726
0.192809
0.156577
0.910872
0.173082
0.924159
0.760042
0.839356
0.285477
0.369946
0.851058
0.919848
0.666913
0.910872
0.348045
0.112531
0.680967
0.915418
0.701955
0.278663
0.475349
0.964698
0.437474
0.119225
0.833382
0.856782
0.534929
0.746548
0.501457
0.638743
0.867958
0.285477
0.119225
0.827331
0.919848
0.534929
0.565535
0.862416
0.746548
0.839356
0.189398
0.972517
0.182726
0.462545
0.309508
0.856782
0.297443
0.392713
0.773363
0.565535
0.531367
0.815009
0.680967
0.314483
0.666913
0.239663
0.148107
0.652832
0.687978
0.361775
0.910872
0.779952
0.753315
0.949090
0.808743
0.687978
0.045735
0.792968
0.851058
0.392713
0.137423
0.119225
0.753315
0.666913
0.361775
0.845248
0.856782
0.666913
0.987120
0.808743
0.586333
0.231599
0.171598
0.114725
0.694975
0.551785
0.260777
0.294921
0.358886
0.572447
0.579380
0.701955
