0.779952
0.851058
0.673945
0.593305
0.961834
0.851058
0.851058
0.680967
0.906211
0.792968
0.746548
0.680967
0.410341
0.586333
0.386941
0.845248
0.162447
0.162447
0.501457
0.544950
0.652832
0.915418
0.206953
0.481816
0.501457
0.544950
0.558648
0.760042
0.398537
0.501457
0.392713
0.862416
0.381222
0.443672
0.766726
0.867958
0.434555
0.924159
0.508082
0.375557
0.862416
0.579380
0.290171
0.494871
0.873406
0.434555
0.386941
0.137423
0.851058
0.586333
0.833382
0.687978
0.314483
0.231599
0.162447
0.514742
0.528168
0.558648
0.137423
0.961834
0.989919
0.856782
0.680967
0.041598
0.680967
0.565535
0.881257
0.572447
0.514742
0.080574
0.488323
0.176249
0.753315
0.252167
0.964698
0.680967
0.856782
0.687978
0.089877
0.428427
0.558648
0.881257
0.579380
0.614310
0.138790
0.252167
0.176249
0.753315
0.256445
0.964698
0.392713
0.987120
0.739743
0.779952
0.845248
0.673945
0.833382
0.283274
0.456208
0.304589
