0.218100
0.229720
0.541722
0.673945
0.792968
0.739743
0.229720
0.760042
0.565535
0.350877
0.715853
0.544950
0.708915
0.247945
0.361775
0.924159
0.381222
0.614310
0.088109
0.106169
0.361775
0.856782
0.247945
0.614310
0.021216
0.106169
0.673945
0.638743
0.446953
0.449917
0.792968
0.694975
0.348045
0.538143
0.386941
0.021693
0.845248
0.440730
0.839356
0.168501
0.680967
0.014661
0.896552
0.192809
0.324601
0.089877
0.673945
0.386941
0.446953
0.551785
0.932418
0.600293
0.106169
0.732903
0.304589
0.475349
0.468925
0.753315
0.600293
0.851058
0.673945
0.453223
0.815009
0.694975
0.350877
0.276259
0.544950
0.449917
0.123878
0.481816
0.988575
0.600293
0.851058
0.159489
0.358886
0.964698
0.434555
0.961834
0.410341
0.586333
0.142680
0.544950
0.739743
0.123878
0.304589
0.992290
0.579380
0.779952
0.159489
0.443672
0.910872
0.928349
0.007280
0.184463
0.924159
0.319514
0.607295
0.538143
0.227647
0.760042
