0.924159
0.839356
0.638743
0.687978
0.732903
0.404413
0.989919
0.071377
0.297443
0.753315
0.375557
0.131151
0.607295
0.851058
0.991157
0.544950
0.521438
0.586333
0.673945
0.753315
0.915418
0.739743
0.528168
0.586333
0.673945
0.558648
0.086372
0.121532
0.901437
0.072841
0.361775
0.666913
0.773363
0.137423
0.168501
0.216111
0.179463
0.955720
0.074331
0.534929
0.652832
0.779952
0.449917
0.210617
0.055775
0.081343
0.708915
0.531367
0.827331
0.099199
0.528168
0.833382
0.600293
0.231599
0.329745
0.042019
0.112531
0.593305
0.176249
0.039021
0.955720
0.906211
0.475349
0.356298
0.673945
0.924159
0.231599
0.600293
0.017747
0.231599
0.501457
0.140030
0.028545
0.949090
0.256445
0.551785
0.906211
0.398537
0.446953
0.652832
0.867958
0.449917
0.334944
0.024483
0.219903
0.521438
0.132333
0.021693
0.952469
0.252167
0.456208
0.760042
0.558648
0.989919
0.319514
0.168501
0.494871
0.924159
0.572447
0.063139
