0.997879
0.958842
0.753315
0.276259
0.565535
0.054091
0.901437
0.565535
0.095372
0.299727
0.243777
0.055229
0.069940
0.058775
0.760042
0.036592
0.488323
0.153709
0.572447
0.140030
0.739743
0.719131
0.203341
0.055229
0.392713
0.110374
0.579380
0.891559
0.666913
0.324601
0.091676
0.029174
0.049752
0.732903
0.856782
0.000522
0.456208
0.746548
0.565535
0.075850
0.064449
0.119225
0.364388
0.851058
0.145372
0.005758
0.815009
0.821206
0.964698
0.324601
0.162447
0.002187
0.392713
0.235604
0.334944
0.048718
0.137423
0.827331
0.901437
0.773363
0.753315
0.572447
0.123878
0.256445
0.145372
0.119225
0.364388
0.856782
0.000132
0.732903
0.998300
0.989919
0.856782
0.799391
0.701955
0.998659
0.551785
0.123878
0.210617
0.189398
0.089877
0.358886
0.919848
0.462545
0.000270
0.998300
0.988575
0.919848
0.799391
0.614310
0.989919
0.910872
0.047704
0.964698
0.358886
0.214332
0.040722
0.022675
0.285477
0.404413
