0.152367
0.428427
0.410341
0.278663
0.404413
0.324601
0.428427
0.739743
0.701955
0.144091
0.773363
0.910872
0.614310
0.732903
0.422349
0.260777
0.586333
0.687978
0.652832
0.638743
0.356298
0.753315
0.494871
0.687978
0.314483
0.456208
0.739743
0.356298
0.851058
0.739743
0.708915
0.544950
0.572447
0.821206
0.739743
0.182726
0.607295
0.680967
0.551785
0.521438
0.309508
0.579380
0.821206
0.645787
0.064449
0.666913
0.294921
0.356298
0.680967
0.952469
0.440730
0.462545
0.967432
0.631702
0.746548
0.112531
0.565535
0.531367
0.572447
0.058138
0.501457
0.488323
0.381222
0.614310
0.833382
0.999213
0.952469
0.732903
0.148107
0.392713
0.531367
0.252167
0.132333
0.952469
0.961834
0.514742
0.274108
0.381222
0.621335
0.896552
0.991157
0.988575
0.631702
0.182726
0.329745
0.631702
0.196269
0.173082
0.952469
0.901437
0.687978
0.488323
0.967432
0.398537
0.760042
0.773363
0.494871
0.753315
0.839356
0.631702
