0.044778
0.137423
0.067143
0.212370
0.652832
0.040722
0.106169
0.203341
0.086372
0.076579
0.150886
0.386941
0.134857
0.189398
0.089877
0.223749
0.008465
0.544950
0.886460
0.991157
0.186038
0.517910
0.003179
0.638743
0.886460
0.961834
0.544950
0.538143
0.084666
0.040722
0.176249
0.821206
0.945583
0.833382
0.475349
0.319514
0.586333
0.243777
0.006179
0.112531
0.886460
0.949090
0.906211
0.314483
0.072841
0.701955
0.449917
0.392713
0.112531
0.375557
0.140030
0.538143
0.239663
0.558648
0.666913
0.256445
0.701955
0.299727
0.992290
0.815009
0.276259
0.290171
0.091676
0.348045
0.456208
0.983870
0.746548
0.468925
0.319514
0.878757
0.638743
0.992290
0.815009
0.048718
0.786488
0.386941
0.369946
0.068529
0.431323
0.364388
0.985553
0.739743
0.468925
0.324601
0.873406
0.638743
0.992290
0.815009
0.067143
0.680967
0.410341
0.624665
0.340199
0.069940
0.285477
0.309508
0.086372
0.431323
0.593305
0.443672
