0.057008
0.307171
0.521438
0.115895
0.779952
0.687978
0.302279
0.494871
0.673945
0.297443
0.508082
0.680967
0.416320
0.260777
0.378532
0.786488
0.919848
0.600293
0.732903
0.404413
0.307171
0.928349
0.773363
0.600293
0.726032
0.410341
0.314483
0.572447
0.361775
0.932418
0.488323
0.203341
0.856782
0.851058
0.186038
0.449917
0.501457
0.521438
0.614310
0.673945
0.475349
0.851058
0.481816
0.243777
0.443672
0.572447
0.565535
0.766726
0.521438
0.514742
0.334944
0.309508
0.856782
0.680967
0.088109
0.726032
0.915418
0.659874
0.375557
0.334944
0.607295
0.440730
0.600293
0.680967
0.645787
0.680967
0.165451
0.739743
0.294921
0.856782
0.955720
0.958842
0.760042
0.694975
0.753315
0.095372
0.514742
0.514742
0.766726
0.666913
0.680967
0.156577
0.652832
0.294921
0.919848
0.910872
0.989919
0.659874
0.687978
0.760042
0.239663
0.666913
0.247945
0.367306
0.593305
0.579380
0.229720
0.247945
0.915418
0.324601
