0.989919
0.652832
0.572447
0.153709
0.746548
0.593305
0.958842
0.579380
0.534929
0.993324
0.386941
0.786488
0.628368
0.168501
0.827331
0.901437
0.245964
0.621335
0.572447
0.319514
0.833382
0.572447
0.453223
0.628368
0.739743
0.165451
0.528168
0.961834
0.314483
0.867958
0.715853
0.416320
0.760042
0.422349
0.687978
0.614310
0.558648
0.572447
0.579380
0.715853
0.416320
0.779952
0.131151
0.600293
0.528168
0.456208
0.652832
0.821206
0.753315
0.422349
0.799391
0.501457
0.269609
0.593305
0.508082
0.614310
0.726032
0.481816
0.558648
0.375557
0.624665
0.989919
0.218100
0.440730
0.218100
0.565535
0.600293
0.508082
0.446953
0.148107
0.475349
0.732903
0.462545
0.624665
0.381222
0.766726
0.958842
0.214332
0.521438
0.174743
0.856782
0.334944
0.607295
0.356298
0.196269
0.456208
0.652832
0.462545
0.617636
0.381222
0.586333
0.614310
0.645787
0.928349
0.631702
0.453223
0.805752
0.162447
0.488323
0.701955
