0.468925
0.501457
0.873406
0.694975
0.932418
0.621335
0.687978
0.521438
0.972517
0.093508
0.701955
0.621335
0.739743
0.309508
0.501457
0.701955
0.422349
0.952469
0.739743
0.992290
0.324601
0.799391
0.593305
0.732903
0.381222
0.992290
0.398537
0.481816
0.873406
0.302279
0.766726
0.652832
0.833382
0.753315
0.687978
0.196269
0.481816
0.873406
0.628368
0.572447
0.833382
0.833382
0.833382
0.494871
0.673945
0.544950
0.624665
0.652832
0.799391
0.440730
0.851058
0.468925
0.544950
0.565535
0.851058
0.057570
0.294921
0.119225
0.128687
0.833382
0.148107
0.708915
0.534929
0.961834
0.753315
0.821206
0.042491
0.210617
0.666913
0.538143
0.551785
0.680967
0.955720
0.126262
0.666913
0.766726
0.792968
0.534929
0.970039
0.732903
0.739743
0.093508
0.131151
0.586333
0.638743
0.449917
0.687978
0.955720
0.123878
0.666913
0.786488
0.856782
0.572447
0.694975
0.786488
0.792968
0.375557
0.456208
0.779952
0.666913
