0.867958
0.961834
0.565535
0.972517
0.991157
0.694975
0.961834
0.792968
0.381222
0.932418
0.753315
0.501457
0.746548
0.534929
0.274108
0.845248
0.398537
0.867958
0.089036
0.760042
0.324601
0.845248
0.324601
0.867958
0.191187
0.915418
0.980148
0.993324
0.265165
0.600293
0.645787
0.446953
0.687978
0.988575
0.955720
0.867958
0.314483
0.206953
0.514742
0.815009
0.372892
0.514742
0.955720
0.983870
0.786488
0.475349
0.891559
0.773363
0.961834
0.614310
0.624665
0.378532
0.422349
0.732903
0.958842
0.867958
0.091676
0.815009
0.862416
0.827331
0.014661
0.833382
0.356298
0.815009
0.307171
0.214332
0.833382
0.652832
0.867958
0.381222
0.896552
0.970039
0.739743
0.020293
0.340199
0.182726
0.572447
0.428427
0.732903
0.534929
0.233700
0.544950
0.732903
0.792968
0.386941
0.945583
0.928349
0.739743
0.026732
0.494871
0.089877
0.964698
0.538143
0.833382
0.970039
0.398537
0.600293
0.372892
0.839356
0.624665
