0.572447
0.753315
0.906211
0.247945
0.285477
0.565535
0.199779
0.719131
0.915418
0.579380
0.290171
0.961834
0.481816
0.243777
0.928349
0.216111
0.967432
0.551785
0.392713
0.008964
0.989919
0.227647
0.970039
0.247945
0.159489
0.006397
0.955720
0.538143
0.901437
0.294921
0.488323
0.186038
0.192809
0.032152
0.827331
0.072067
0.494871
0.839356
0.108254
0.753315
0.067143
0.579380
0.012504
0.901437
0.030125
0.199779
0.631702
0.119225
0.827331
0.443672
0.565535
0.037386
0.766726
0.017353
0.235604
0.096266
0.392713
0.624665
0.369946
0.252167
0.021693
0.746548
0.531367
0.970039
0.112531
0.386941
0.127406
0.068529
0.012504
0.381222
0.998659
0.192809
0.958842
0.121532
0.719131
0.045735
0.753315
0.531367
0.967432
0.112531
0.924159
0.030787
0.068529
0.008964
0.468925
0.985553
0.192809
0.958842
0.150886
0.739743
0.033573
0.000926
0.572447
0.468925
0.353438
0.906211
0.265165
0.052975
0.016967
0.719131
