0.645787
0.760042
0.766726
0.815009
0.572447
0.048718
0.839356
0.906211
0.016787
0.746548
0.673945
0.524622
0.356298
0.079726
0.551785
0.101163
0.003256
0.324601
0.027324
0.746548
0.449917
0.101163
0.148107
0.256445
0.235604
0.645787
0.425222
0.773363
0.501457
0.137423
0.350877
0.035052
0.324601
0.413167
0.481816
0.494871
0.833382
0.579380
0.014997
0.593305
0.038195
0.256445
0.596613
0.386941
0.862416
0.760042
0.422349
0.159489
0.856782
0.137423
0.600293
0.189398
0.481816
0.342708
0.386941
0.856782
0.766726
0.600293
0.565535
0.314483
0.579380
0.680967
0.000577
0.345510
0.179463
0.203341
0.431323
0.386941
0.924159
0.410341
0.501457
0.314483
0.565535
0.652832
0.638743
0.687978
0.915418
0.000299
0.501457
0.116956
0.156577
0.425222
0.386941
0.928349
0.659874
0.345510
0.329745
0.565535
0.839356
0.358886
0.773363
0.274108
0.014997
0.839356
0.760042
0.089877
0.340199
0.276259
0.481816
0.407215
