0.985553
0.886460
0.815009
0.815009
0.732903
0.901437
0.985553
0.449917
0.631702
0.987120
0.719131
0.906211
0.148107
0.145372
0.945583
0.958842
0.821206
0.060591
0.760042
0.967432
0.551785
0.958842
0.544950
0.081343
0.845248
0.967432
0.687978
0.565535
0.881257
0.753315
0.035815
0.726032
0.958842
0.534929
0.638743
0.694975
0.292664
0.881257
0.955720
0.119225
0.179463
0.961834
0.715853
0.746548
0.773363
0.446953
0.446953
0.896552
0.815009
0.544950
0.531367
0.150886
0.901437
0.361775
0.256445
0.766726
0.453223
0.237734
0.964698
0.422349
0.964698
0.719131
0.645787
0.358886
0.456208
0.468925
0.614310
0.475349
0.856782
0.446953
0.446953
0.845248
0.779952
0.760042
0.192809
0.260777
0.802412
0.645787
0.551785
0.231599
0.468925
0.614310
0.475349
0.856782
0.453223
0.440730
0.845248
0.779952
0.766726
0.235604
0.105194
0.437474
0.851058
0.901437
0.955720
0.631702
0.443672
0.314483
0.586333
0.131151
