0.369946
0.410341
0.095372
0.314483
0.364388
0.551785
0.416320
0.084666
0.802412
0.210617
0.088109
0.462545
0.833382
0.694975
0.600293
0.140030
0.247945
0.579380
0.867958
0.949090
0.680967
0.285477
0.247945
0.579380
0.867958
0.949090
0.924159
0.299727
0.156577
0.915418
0.299727
0.867958
0.398537
0.988575
0.666913
0.779952
0.624665
0.121532
0.991157
0.150886
0.773363
0.475349
0.991157
0.766726
0.324601
0.739743
0.544950
0.081343
0.040722
0.915418
0.896552
0.410341
0.398537
0.462545
0.488323
0.993324
0.732903
0.247945
0.375557
0.081343
0.796018
0.156577
0.845248
0.375557
0.416320
0.481816
0.833382
0.760042
0.779952
0.896552
0.243777
0.064449
0.145372
0.227647
0.856782
0.833382
0.324601
0.558648
0.443672
0.345510
0.481816
0.839356
0.851058
0.760042
0.827331
0.299727
0.119225
0.061853
0.280840
0.856782
0.851058
0.504591
0.501457
0.269609
0.106169
0.910872
0.766726
0.287941
0.538143
0.410341
