0.095372
0.410341
0.410341
0.386941
0.369946
0.040722
0.128687
0.565535
0.319514
0.274108
0.638743
0.069940
0.508082
0.572447
0.265165
0.086372
0.392713
0.970039
0.364388
0.964698
0.694975
0.294921
0.260777
0.970039
0.443672
0.666913
0.645787
0.468925
0.162447
0.919848
0.123878
0.924159
0.223749
0.851058
0.369946
0.446953
0.285477
0.080574
0.910872
0.260777
0.992290
0.219903
0.851058
0.375557
0.367306
0.431323
0.808743
0.121532
0.488323
0.680967
0.159489
0.773363
0.169963
0.586333
0.294921
0.541722
0.014333
0.544950
0.398537
0.252167
0.386941
0.128687
0.579380
0.072841
0.970039
0.216111
0.680967
0.538143
0.372892
0.104120
0.739743
0.203341
0.833382
0.666913
0.961834
0.538143
0.060002
0.839356
0.032520
0.992290
0.173082
0.680967
0.645787
0.356298
0.186038
0.443672
0.252167
0.833382
0.687978
0.961834
0.638743
0.245964
0.901437
0.404413
0.719131
0.095372
0.851058
0.386941
0.206953
0.544950
