0.521438
0.673945
0.910872
0.779952
0.851058
0.381222
0.673945
0.924159
0.431323
0.856782
0.915418
0.958842
0.375557
0.468925
0.586333
0.932418
0.358886
0.449917
0.099199
0.621335
0.586333
0.994262
0.631702
0.449917
0.099199
0.361775
0.607295
0.340199
0.915418
0.919848
0.705254
0.074331
0.033231
0.361775
0.673945
0.014333
0.097269
0.961834
0.964698
0.531367
0.314483
0.077396
0.302279
0.494871
0.014333
0.055229
0.687978
0.080574
0.910872
0.964698
0.437474
0.551785
0.773363
0.367306
0.501457
0.104120
0.203341
0.593305
0.851058
0.050806
0.514742
0.833382
0.856782
0.524622
0.558648
0.410341
0.367306
0.340199
0.058138
0.329745
0.687978
0.494871
0.114725
0.579380
0.600293
0.434555
0.753315
0.919848
0.443672
0.558648
0.488323
0.302279
0.579380
0.064449
0.304589
0.428427
0.501457
0.142680
0.600293
0.494871
0.508082
0.666913
0.851058
0.746548
0.928349
0.719131
0.449917
0.501457
0.607295
0.715853
