0.524622
0.189398
0.624665
0.610616
0.906211
0.881257
0.443672
0.712205
0.431323
0.235604
0.821206
0.610616
0.815009
0.361775
0.196269
0.712205
0.497986
0.961834
0.302279
0.603608
0.462545
0.617636
0.497986
0.915418
0.302279
0.176249
0.381222
0.456208
0.891559
0.617636
0.719131
0.501457
0.199779
0.375557
0.631702
0.906211
0.544950
0.631702
0.982069
0.517910
0.773363
0.274108
0.189398
0.280840
0.910872
0.398537
0.579380
0.558648
0.231599
0.891559
0.624665
0.680967
0.278663
0.050806
0.223749
0.988575
0.475349
0.586333
0.839356
0.773363
0.638743
0.358886
0.815009
0.705254
0.416320
0.416320
0.065784
0.358886
0.987120
0.565535
0.586333
0.095372
0.329745
0.375557
0.666913
0.746548
0.638743
0.517910
0.705254
0.494871
0.416320
0.050806
0.358886
0.987120
0.572447
0.687978
0.089877
0.269609
0.468925
0.558648
0.967432
0.645787
0.398537
0.319514
0.726032
0.603608
0.821206
0.372892
0.081343
0.159489
