0.827331
0.462545
0.494871
0.156577
0.381222
0.991157
0.558648
0.572447
0.501457
0.475349
0.156577
0.845248
0.274108
0.851058
0.544950
0.260777
0.283274
0.856782
0.645787
0.372892
0.186038
0.095372
0.428427
0.501457
0.551785
0.372892
0.304589
0.586333
0.016414
0.760042
0.278663
0.856782
0.579380
0.274108
0.593305
0.579380
0.746548
0.265165
0.089877
0.274108
0.862416
0.760042
0.206953
0.440730
0.558648
0.845248
0.290171
0.666913
0.324601
0.645787
0.278663
0.867958
0.760042
0.265165
0.440730
0.565535
0.203341
0.142680
0.345510
0.324601
0.294921
0.121532
0.989919
0.694975
0.856782
0.919848
0.269609
0.508082
0.579380
0.906211
0.006035
0.773363
0.680967
0.134857
0.786488
0.314483
0.265165
0.827331
0.773363
0.786488
0.915418
0.269609
0.614310
0.739743
0.666913
0.014661
0.508082
0.766726
0.235604
0.488323
0.165451
0.319514
0.610616
0.924159
0.119225
0.680967
0.345510
0.821206
0.534929
0.381222
