0.753315
0.278663
0.171598
0.508082
0.600293
0.468925
0.422349
0.773363
0.544950
0.488323
0.600293
0.565535
0.919848
0.786488
0.514742
0.593305
0.821206
0.779952
0.614310
0.999709
0.494871
0.593305
0.726032
0.856782
0.708915
0.915418
0.862416
0.247945
0.356298
0.488323
0.919848
0.928349
0.873406
0.964698
0.572447
0.049752
0.659874
0.416320
0.501457
0.468925
0.924159
0.873406
0.919848
0.666913
0.068529
0.551785
0.673945
0.624665
0.340199
0.680967
0.572447
0.967432
0.600293
0.856782
0.475349
0.067143
0.652832
0.845248
0.821206
0.252167
0.071377
0.508082
0.687978
0.659874
0.856782
0.932418
0.856782
0.468925
0.114725
0.833382
0.023183
0.314483
0.252167
0.128687
0.156577
0.988575
0.508082
0.687978
0.652832
0.919848
0.873406
0.919848
0.398537
0.114725
0.833382
0.131151
0.089877
0.666913
0.022675
0.192809
0.919848
0.252167
0.621335
0.673945
0.501457
0.645787
0.915418
0.805752
0.680967
0.593305
