0.521438
0.440730
0.345510
0.340199
0.600293
0.856782
0.361775
0.753315
0.600293
0.361775
0.345510
0.593305
0.440730
0.687978
0.621335
0.760042
0.514742
0.356298
0.919848
0.815009
0.372892
0.481816
0.514742
0.356298
0.915418
0.896552
0.739743
0.025882
0.345510
0.760042
0.287941
0.508082
0.833382
0.666913
0.309508
0.044332
0.851058
0.345510
0.269609
0.287941
0.521438
0.901437
0.910872
0.494871
0.002410
0.779952
0.334944
0.600293
0.508082
0.773363
0.356298
0.334944
0.659874
0.398537
0.475349
0.072841
0.856782
0.265165
0.214332
0.040722
0.381222
0.345510
0.964698
0.440730
0.416320
0.652832
0.961834
0.203341
0.043403
0.779952
0.579380
0.494871
0.011817
0.299727
0.488323
0.501457
0.410341
0.919848
0.521438
0.621335
0.652832
0.732903
0.410341
0.022179
0.779952
0.494871
0.792968
0.319514
0.005239
0.416320
0.839356
0.196269
0.099199
0.428427
0.760042
0.514742
0.521438
0.593305
0.189398
0.475349
