0.607295
0.319514
0.398537
0.845248
0.638743
0.026152
0.845248
0.845248
0.035052
0.107262
0.252167
0.044778
0.171598
0.392713
0.579380
0.955720
0.004388
0.051880
0.694975
0.521438
0.579380
0.955720
0.020293
0.153709
0.694975
0.607295
0.919848
0.621335
0.456208
0.443672
0.029816
0.269609
0.867958
0.572447
0.932418
0.974869
0.528168
0.398537
0.631702
0.011032
0.269609
0.786488
0.673945
0.932418
0.992290
0.528168
0.593305
0.035452
0.319514
0.443672
0.086372
0.174743
0.786488
0.915418
0.694975
0.856782
0.297443
0.779952
0.760042
0.182726
0.162447
0.827331
0.186038
0.449917
0.060002
0.694975
0.967432
0.687978
0.924159
0.628368
0.666913
0.058775
0.443672
0.064449
0.404413
0.269609
0.572447
0.375557
0.227647
0.077396
0.694975
0.924159
0.792968
0.851058
0.708915
0.586333
0.058775
0.443672
0.086372
0.386941
0.221921
0.760042
0.468925
0.099199
0.726032
0.048718
0.095372
0.856782
0.614310
0.915418
