0.593305
0.666913
0.558648
0.565535
0.901437
0.833382
0.579380
0.314483
0.504591
0.056388
0.544950
0.739743
0.235604
0.110374
0.410341
0.235604
0.443672
0.645787
0.375557
0.558648
0.206953
0.235604
0.443672
0.638743
0.375557
0.645787
0.443672
0.572447
0.319514
0.375557
0.732903
0.821206
0.732903
0.285477
0.919848
0.174743
0.607295
0.247945
0.148107
0.739743
0.789564
0.314483
0.294921
0.910872
0.593305
0.851058
0.815009
0.910872
0.314483
0.631702
0.309508
0.227647
0.119225
0.945583
0.468925
0.494871
0.773363
0.896552
0.987120
0.229720
0.799391
0.456208
0.196269
0.538143
0.443672
0.304589
0.802412
0.839356
0.416320
0.845248
0.631702
0.746548
0.141419
0.607295
0.617636
0.071377
0.558648
0.150886
0.538143
0.698284
0.156577
0.808743
0.833382
0.416320
0.851058
0.901437
0.531367
0.225794
0.361775
0.726032
0.114725
0.652832
0.037386
0.579380
0.551785
0.891559
0.148107
0.027928
0.896552
0.544950
