0.970039
0.410341
0.680967
0.867958
0.839356
0.766726
0.687978
0.680967
0.726032
0.494871
0.915418
0.680967
0.235604
0.431323
0.514742
0.494871
0.739743
0.726032
0.153709
0.521438
0.600293
0.494871
0.739743
0.808743
0.095372
0.521438
0.074331
0.719131
0.773363
0.680967
0.189398
0.449917
0.345510
0.016787
0.329745
0.786488
0.970039
0.410341
0.680967
0.827331
0.952469
0.097269
0.017169
0.593305
0.488323
0.932418
0.732903
0.652832
0.773363
0.673945
0.645787
0.369946
0.416320
0.009504
0.334944
0.218100
0.924159
0.739743
0.544950
0.488323
0.334944
0.218100
0.422349
0.544950
0.290171
0.171598
0.159489
0.269609
0.274108
0.334944
0.827331
0.304589
0.334944
0.218100
0.726032
0.856782
0.218100
0.416320
0.544950
0.827331
0.031824
0.156577
0.514742
0.159489
0.278663
0.891559
0.247945
0.404413
0.229720
0.726032
0.766726
0.652832
0.265165
0.579380
0.856782
0.833382
0.369946
0.243777
0.297443
0.002591
