0.034305
0.386941
0.766726
0.304589
0.319514
0.189398
0.392713
0.638743
0.280840
0.462545
0.666913
0.732903
0.182726
0.106169
0.319514
0.955720
0.531367
0.043840
0.845248
0.386941
0.475349
0.901437
0.719131
0.017747
0.680967
0.386941
0.309508
0.276259
0.488323
0.652832
0.106169
0.047704
0.851058
0.112531
0.314483
0.839356
0.949090
0.256445
0.645787
0.705254
0.025584
0.856782
0.037386
0.856782
0.299727
0.964698
0.991157
0.148107
0.773363
0.821206
0.280840
0.276259
0.773363
0.449917
0.919848
0.153709
0.988575
0.967432
0.645787
0.350877
0.145372
0.410341
0.659874
0.517910
0.425222
0.766726
0.049752
0.851058
0.247945
0.753315
0.579380
0.456208
0.521438
0.058775
0.924159
0.691294
0.252167
0.572447
0.603608
0.353438
0.766726
0.049752
0.928349
0.189398
0.753315
0.839356
0.256445
0.600293
0.062527
0.924159
0.589633
0.712205
0.698284
0.392713
0.645787
0.712205
0.227647
0.304589
0.666913
0.247945
