0.796018
0.952469
0.961834
0.524622
0.008080
0.558648
0.891559
0.008663
0.456208
0.827331
0.068529
0.538143
0.910872
0.099199
0.906211
0.038195
0.726032
0.023183
0.970039
0.319514
0.891559
0.038195
0.726032
0.023183
0.970039
0.260777
0.565535
0.891559
0.666913
0.137423
0.989919
0.012947
0.040722
0.586333
0.896552
0.381222
0.589633
0.906211
0.089877
0.827331
0.022675
0.398537
0.666913
0.726032
0.381222
0.596613
0.766726
0.988575
0.845248
0.011549
0.381222
0.054091
0.126262
0.910872
0.189398
0.468925
0.100125
0.680967
0.970039
0.941949
0.481816
0.572447
0.014661
0.827331
0.159489
0.319514
0.919848
0.089877
0.375557
0.169963
0.586333
0.488323
0.437474
0.919848
0.517910
0.652832
0.659874
0.011288
0.827331
0.206953
0.252167
0.915418
0.089877
0.375557
0.169963
0.593305
0.481816
0.443672
0.961834
0.538143
0.652832
0.416320
0.586333
0.827331
0.114725
0.304589
0.199779
0.410341
0.126262
0.967432
