0.607295
0.970039
0.694975
0.528168
0.434555
0.680967
0.970039
0.283274
0.779952
0.786488
0.614310
0.168501
0.501457
0.462545
0.579380
0.283274
0.687978
0.410341
0.182726
0.078971
0.614310
0.356298
0.862416
0.680967
0.019846
0.133656
0.753315
0.799391
0.607295
0.488323
0.494871
0.488323
0.017957
0.404413
0.753315
0.055229
0.614310
0.779952
0.416320
0.673945
0.265165
0.017957
0.252167
0.753315
0.225794
0.256445
0.088109
0.404413
0.786488
0.586333
0.673945
0.579380
0.210617
0.475349
0.659874
0.044332
0.329745
0.065784
0.666913
0.488323
0.501457
0.614310
0.579380
0.579380
0.680967
0.265165
0.203341
0.961834
0.001376
0.786488
0.106169
0.680967
0.265165
0.319514
0.645787
0.256445
0.694975
0.494871
0.579380
0.687978
0.319514
0.162447
0.961834
0.528168
0.004602
0.189398
0.392713
0.475349
0.206953
0.565535
0.381222
0.928349
0.862416
0.928349
0.534929
0.416320
0.760042
0.369946
0.206953
0.572447
