0.579380
0.410341
0.247945
0.827331
0.108254
0.773363
0.494871
0.176249
0.302279
0.856782
0.353438
0.680967
0.621335
0.446953
0.932418
0.081343
0.356298
0.356298
0.621335
0.746548
0.873406
0.132333
0.446953
0.356298
0.621335
0.314483
0.680967
0.206953
0.290171
0.910872
0.307171
0.600293
0.434555
0.196269
0.475349
0.833382
0.766726
0.392713
0.299727
0.534929
0.361775
0.680967
0.156577
0.398537
0.839356
0.766726
0.456208
0.856782
0.089877
0.739743
0.307171
0.534929
0.856782
0.069940
0.165451
0.558648
0.673945
0.119225
0.428427
0.910872
0.739743
0.065784
0.468925
0.307171
0.356298
0.779952
0.247945
0.915418
0.386941
0.766726
0.196269
0.614310
0.989919
0.712205
0.026152
0.638743
0.121532
0.243777
0.367306
0.356298
0.779952
0.199779
0.915418
0.392713
0.760042
0.243777
0.792968
0.851058
0.712205
0.026732
0.544950
0.431323
0.593305
0.488323
0.219903
0.428427
0.534929
0.708915
0.314483
0.334944
