0.645787
0.356298
0.237734
0.600293
0.250160
0.753315
0.434555
0.508082
0.340199
0.579380
0.250160
0.845248
0.416320
0.659874
0.168501
0.287941
0.181174
0.839356
0.121532
0.579380
0.221921
0.287941
0.283274
0.839356
0.156577
0.766726
0.256445
0.475349
0.307171
0.404413
0.593305
0.260777
0.586333
0.392713
0.753315
0.171598
0.203341
0.367306
0.165451
0.514742
0.260777
0.680967
0.955720
0.494871
0.214332
0.314483
0.488323
0.701955
0.372892
0.760042
0.138790
0.572447
0.572447
0.475349
0.964698
0.214332
0.247945
0.410341
0.614310
0.314483
0.766726
0.372892
0.265165
0.508082
0.265165
0.579380
0.565535
0.666913
0.404413
0.093508
0.766726
0.361775
0.121532
0.856782
0.462545
0.593305
0.367306
0.269609
0.607295
0.252167
0.501457
0.821206
0.488323
0.404413
0.099199
0.746548
0.521438
0.121532
0.600293
0.760042
0.680967
0.579380
0.972517
0.593305
0.361775
0.862416
0.410341
0.638743
0.218100
0.839356
