0.198110
0.297443
0.350877
0.528168
0.514742
0.987120
0.297443
0.165451
0.386941
0.501457
0.514742
0.309508
0.572447
0.572447
0.372892
0.856782
0.753315
0.673945
0.481816
0.586333
0.372892
0.673945
0.666913
0.579380
0.475349
0.593305
0.906211
0.218100
0.779952
0.494871
0.666913
0.386941
0.792968
0.329745
0.726032
0.008080
0.345510
0.428427
0.851058
0.494871
0.462545
0.687978
0.481816
0.638743
0.108254
0.501457
0.345510
0.398537
0.422349
0.269609
0.760042
0.839356
0.133656
0.666913
0.239663
0.108254
0.867958
0.340199
0.392713
0.449917
0.350877
0.928349
0.856782
0.579380
0.247945
0.416320
0.024229
0.462545
0.517910
0.792968
0.680967
0.766726
0.531367
0.766726
0.565535
0.097269
0.928349
0.856782
0.579380
0.247945
0.514742
0.022675
0.462545
0.437474
0.972517
0.428427
0.839356
0.456208
0.760042
0.572447
0.304589
0.873406
0.910872
0.297443
0.593305
0.544950
0.593305
0.256445
0.773363
0.760042
