0.624665
0.199779
0.381222
0.531367
0.551785
0.701955
0.456208
0.906211
0.856782
0.386941
0.247945
0.779952
0.494871
0.329745
0.538143
0.150886
0.779952
0.514742
0.039863
0.012793
0.369946
0.243777
0.856782
0.514742
0.150886
0.005239
0.687978
0.150886
0.375557
0.851058
0.845248
0.019204
0.032152
0.265165
0.071377
0.631702
0.112531
0.462545
0.324601
0.961834
0.033956
0.631702
0.000421
0.095372
0.631702
0.048718
0.223749
0.189398
0.119225
0.851058
0.833382
0.136202
0.610616
0.051880
0.827331
0.150886
0.227647
0.280840
0.068529
0.680967
0.666913
0.192809
0.501457
0.961834
0.034697
0.106169
0.381222
0.558648
0.299727
0.084666
0.104120
0.247945
0.964698
0.694975
0.082990
0.659874
0.192809
0.319514
0.961834
0.060002
0.247945
0.108254
0.475349
0.381222
0.063139
0.227647
0.142680
0.924159
0.687978
0.112531
0.468925
0.766726
0.069268
0.375557
0.304589
0.753315
0.434555
0.456208
0.127406
0.600293
