0.003625
0.179463
0.712205
0.000472
0.000998
0.579380
0.179463
0.002134
0.358886
0.182726
0.076579
0.673945
0.134857
0.851058
0.719131
0.007191
0.156577
0.468925
0.481816
0.694975
0.610616
0.009833
0.153709
0.462545
0.481816
0.593305
0.666913
0.531367
0.132333
0.386941
0.271733
0.845248
0.422349
0.680967
0.901437
0.247945
0.010781
0.952469
0.004184
0.166890
0.845248
0.181174
0.680967
0.901437
0.381222
0.148107
0.095372
0.239663
0.010536
0.386941
0.076579
0.666913
0.600293
0.924159
0.833382
0.645787
0.196269
0.071377
0.760042
0.003030
0.243777
0.005492
0.055229
0.332201
0.766726
0.593305
0.856782
0.958842
0.827331
0.309508
0.309508
0.839356
0.086372
0.760042
0.673945
0.488323
0.375557
0.001102
0.227647
0.659874
0.600293
0.856782
0.955720
0.833382
0.369946
0.324601
0.739743
0.179463
0.494871
0.673945
0.786488
0.680967
0.603608
0.223749
0.010062
0.375557
0.304589
0.572447
0.708915
0.746548
