0.280840
0.089877
0.256445
0.524622
0.779952
0.110374
0.114725
0.856782
0.517910
0.294921
0.673945
0.369946
0.999213
0.101163
0.231599
0.422349
0.348045
0.162447
0.165451
0.099199
0.048718
0.508082
0.431323
0.162447
0.340199
0.123878
0.779952
0.150886
0.210617
0.247945
0.462545
0.074331
0.033956
0.753315
0.521438
0.035815
0.044778
0.056388
0.468925
0.082990
0.206953
0.168501
0.753315
0.446953
0.901437
0.004880
0.593305
0.329745
0.126262
0.958842
0.624665
0.162447
0.210617
0.398537
0.446953
0.652832
0.000122
0.687978
0.708915
0.150886
0.449917
0.680967
0.299727
0.645787
0.392713
0.214332
0.753315
0.361775
0.186038
0.271733
0.422349
0.799391
0.299727
0.089877
0.144091
0.227647
0.392713
0.839356
0.227647
0.392713
0.214332
0.666913
0.367306
0.958842
0.016590
0.680967
0.621335
0.475349
0.036592
0.283274
0.247945
0.481816
0.901437
0.176249
0.508082
0.353438
0.989919
0.099199
0.128687
0.586333
