0.046710
0.760042
0.297443
0.265165
0.372892
0.659874
0.494871
0.614310
0.833382
0.299727
0.312119
0.992290
0.891559
0.989919
0.558648
0.181174
0.856782
0.456208
0.985553
0.666913
0.329745
0.181174
0.856782
0.544950
0.998300
0.845248
0.378532
0.314483
0.287941
0.501457
0.901437
0.915418
0.815009
0.708915
0.174743
0.551785
0.369946
0.187800
0.501457
0.449917
0.919848
0.952469
0.862416
0.184463
0.369946
0.369946
0.140030
0.369946
0.528168
0.932418
0.945583
0.919848
0.631702
0.708915
0.229720
0.150886
0.189398
0.353438
0.319514
0.760042
0.243777
0.708915
0.607295
0.808743
0.845248
0.732903
0.867958
0.607295
0.746548
0.369946
0.705254
0.203341
0.162447
0.821206
0.991157
0.538143
0.446953
0.694975
0.726032
0.851058
0.732903
0.924159
0.528168
0.739743
0.462545
0.603608
0.247945
0.162447
0.821206
0.967432
0.488323
0.511232
0.739743
0.645787
0.446953
0.992290
0.896552
0.815009
0.673945
0.250160
