0.964698
0.915418
0.896552
0.521438
0.481816
0.961834
0.645787
0.680967
0.815009
0.988575
0.845248
0.475349
0.802412
0.652832
0.958842
0.600293
0.110374
0.121532
0.456208
0.372892
0.845248
0.687978
0.235604
0.381222
0.551785
0.541722
0.049752
0.475349
0.955720
0.416320
0.179463
0.659874
0.600293
0.093508
0.565535
0.961834
0.356298
0.998300
0.422349
0.104120
0.579380
0.501457
0.260777
0.572447
0.827331
0.287941
0.593305
0.746548
0.958842
0.428427
0.419169
0.766726
0.269609
0.203341
0.915418
0.732903
0.184463
0.680967
0.631702
0.508082
0.919848
0.827331
0.340199
0.110374
0.481816
0.340199
0.256445
0.481816
0.726032
0.191187
0.586333
0.443672
0.350877
0.501457
0.845248
0.174743
0.827331
0.340199
0.110374
0.558648
0.494871
0.171598
0.392713
0.821206
0.283274
0.586333
0.247945
0.416320
0.428427
0.845248
0.133656
0.528168
0.168501
0.985553
0.786488
0.456208
0.719131
0.551785
0.372892
0.294921
