0.998659
0.617636
0.596613
0.659874
0.462545
0.386941
0.705254
0.410341
0.290171
0.673945
0.192809
0.381222
0.558648
0.501457
0.726032
0.114725
0.057570
0.381222
0.494871
0.285477
0.726032
0.088109
0.165451
0.386941
0.579380
0.108254
0.040722
0.050806
0.524622
0.265165
0.196269
0.340199
0.082990
0.645787
0.006179
0.067143
0.009287
0.603608
0.045279
0.050806
0.340199
0.176249
0.319514
0.006179
0.192809
0.002352
0.468925
0.551785
0.603608
0.131151
0.544950
0.694975
0.046710
0.659874
0.182726
0.088109
0.027928
0.753315
0.456208
0.082990
0.579380
0.610616
0.043403
0.243777
0.508082
0.179463
0.901437
0.449917
0.086372
0.015340
0.666913
0.299727
0.290171
0.673945
0.345510
0.386941
0.610616
0.105194
0.110374
0.593305
0.179463
0.833382
0.531367
0.156577
0.015340
0.381222
0.364388
0.290171
0.593305
0.428427
0.239663
0.607295
0.779952
0.808743
0.462545
0.196269
0.652832
0.586333
0.061853
0.381222
