0.501457
0.199779
0.732903
0.319514
0.247945
0.319514
0.199779
0.891559
0.786488
0.572447
0.821206
0.961834
0.856782
0.638743
0.324601
0.815009
0.481816
0.462545
0.760042
0.886460
0.214332
0.815009
0.760042
0.381222
0.845248
0.719131
0.422349
0.508082
0.624665
0.955720
0.434555
0.290171
0.961834
0.456208
0.494871
0.614310
0.039021
0.381222
0.896552
0.600293
0.524622
0.964698
0.462545
0.593305
0.593305
0.148107
0.786488
0.593305
0.243777
0.891559
0.878757
0.617636
0.760042
0.375557
0.416320
0.932418
0.008465
0.508082
0.910872
0.449917
0.991157
0.039021
0.631702
0.434555
0.358886
0.964698
0.375557
0.404413
0.708915
0.114725
0.422349
0.392713
0.719131
0.544950
0.972517
0.701955
0.039863
0.901437
0.218100
0.358886
0.964698
0.468925
0.404413
0.600293
0.114725
0.501457
0.329745
0.719131
0.544950
0.972517
0.586333
0.821206
0.839356
0.294921
0.456208
0.964698
0.468925
0.746548
0.449917
0.614310
