0.867958
0.924159
0.919848
0.989919
0.779952
0.919848
0.919848
0.967432
0.586333
0.652832
0.919848
0.999581
0.072841
0.364388
0.659874
0.687978
0.501457
0.243777
0.443672
0.845248
0.579380
0.779952
0.501457
0.116956
0.524622
0.845248
0.416320
0.538143
0.760042
0.924159
0.159489
0.631702
0.544950
0.278663
0.732903
0.431323
0.773363
0.404413
0.964698
0.514742
0.082990
0.732903
0.494871
0.260777
0.425222
0.924159
0.398537
0.821206
0.915418
0.992290
0.345510
0.044778
0.987120
0.340199
0.659874
0.437474
0.680967
0.851058
0.212370
0.572447
0.773363
0.851058
0.999581
0.694975
0.010536
0.955720
0.786488
0.121532
0.517910
0.593305
0.964698
0.075047
0.760042
0.600293
0.659874
0.856782
0.851058
0.999417
0.701955
0.010297
0.958842
0.786488
0.260777
0.271733
0.680967
0.919848
0.102105
0.652832
0.607295
0.659874
0.915418
0.449917
0.779952
0.999581
0.851058
0.924159
0.054091
0.705254
0.910872
0.229720
