0.873406
0.579380
0.766726
0.687978
0.701955
0.833382
0.766726
0.867958
0.404413
0.673945
0.501457
0.121532
0.779952
0.514742
0.760042
0.607295
0.760042
0.766726
0.278663
0.945583
0.901437
0.607295
0.398537
0.488323
0.174743
0.610616
0.538143
0.867958
0.680967
0.123878
0.673945
0.694975
0.199779
0.726032
0.456208
0.760042
0.386941
0.766726
0.468925
0.494871
0.614310
0.314483
0.726032
0.531367
0.680967
0.375557
0.746548
0.340199
0.579380
0.468925
0.680967
0.136202
0.260777
0.375557
0.112531
0.488323
0.192809
0.739743
0.856782
0.739743
0.000103
0.481816
0.753315
0.680967
0.422349
0.091676
0.952469
0.148107
0.924159
0.235604
0.645787
0.508082
0.462545
0.004085
0.958842
0.329745
0.269609
0.753315
0.680967
0.422349
0.123878
0.886460
0.186038
0.862416
0.462545
0.456208
0.416320
0.538143
0.003030
0.987120
0.269609
0.191187
0.074331
0.579380
0.792968
0.123878
0.075850
0.434555
0.227647
0.192809
