0.481816
0.659874
0.666913
0.773363
0.673945
0.932418
0.845248
0.694975
0.481816
0.416320
0.862416
0.779952
0.046246
0.334944
0.910872
0.779952
0.481816
0.440730
0.901437
0.501457
0.572447
0.779952
0.162447
0.621335
0.739743
0.593305
0.839356
0.928349
0.252167
0.779952
0.508082
0.508082
0.475349
0.773363
0.833382
0.579380
0.038195
0.329745
0.329745
0.501457
0.434555
0.739743
0.862416
0.760042
0.970039
0.020750
0.531367
0.687978
0.915418
0.851058
0.218100
0.356298
0.732903
0.501457
0.910872
0.680967
0.142680
0.142680
0.340199
0.773363
0.701955
0.666913
0.680967
0.680967
0.428427
0.468925
0.168501
0.833382
0.867958
0.034305
0.732903
0.680967
0.856782
0.867958
0.572447
0.891559
0.488323
0.593305
0.687978
0.428427
0.544950
0.168501
0.851058
0.773363
0.084666
0.538143
0.659874
0.786488
0.924159
0.753315
0.645787
0.856782
0.299727
0.845248
0.862416
0.319514
0.361775
0.468925
0.428427
0.906211
