0.182726
0.524622
0.227647
0.116956
0.243777
0.851058
0.617636
0.955720
0.260777
0.353438
0.544950
0.494871
0.425222
0.732903
0.437474
0.186038
0.410341
0.603608
0.000390
0.524622
0.443672
0.186038
0.494871
0.425222
0.018980
0.358886
0.221921
0.133656
0.337426
0.416320
0.369946
0.140030
0.285477
0.060591
0.122762
0.014011
0.348045
0.231599
0.334944
0.369946
0.891559
0.017747
0.231599
0.191187
0.008270
0.176249
0.329745
0.227647
0.517910
0.680967
0.449917
0.524622
0.044778
0.280840
0.194624
0.353438
0.348045
0.404413
0.044778
0.181174
0.015690
0.137423
0.131151
0.239663
0.001075
0.231599
0.060591
0.250160
0.802412
0.078138
0.494871
0.348045
0.061253
0.364388
0.260777
0.047704
0.065784
0.128687
0.239663
0.462545
0.000484
0.064449
0.361775
0.624665
0.061853
0.593305
0.271733
0.062527
0.364388
0.314483
0.050806
0.906211
0.256445
0.896552
0.531367
0.856782
0.176249
0.358886
0.064449
0.126262
