0.833382
0.176249
0.142680
0.856782
0.159489
0.168501
0.140030
0.340199
0.687978
0.314483
0.256445
0.586333
0.915418
0.061853
0.104120
0.422349
0.779952
0.020750
0.005492
0.194624
0.026732
0.593305
0.786488
0.020750
0.003989
0.194624
0.068529
0.967432
0.049752
0.508082
0.999213
0.036592
0.001961
0.247945
0.659874
0.148107
0.600293
0.140030
0.687978
0.919848
0.084666
0.002720
0.121532
0.666913
0.364388
0.434555
0.972517
0.069940
0.084666
0.501457
0.760042
0.227647
0.033231
0.381222
0.481816
0.531367
0.356298
0.779952
0.068529
0.988575
0.508082
0.027324
0.422349
0.319514
0.064449
0.017957
0.119225
0.666913
0.294921
0.434555
0.862416
0.028545
0.915418
0.501457
0.108254
0.967432
0.035815
0.593305
0.345510
0.026152
0.040722
0.075850
0.558648
0.294921
0.694975
0.694975
0.022179
0.958842
0.521438
0.081343
0.910872
0.856782
0.915418
0.061853
0.501457
0.680967
0.294921
0.294921
0.187800
0.462545
