0.600293
0.000000
0.000006
0.645787
0.000008
0.746548
0.000000
0.638743
0.851058
0.314483
0.000001
0.739743
0.952469
0.239663
0.001048
0.645787
0.652832
0.299727
0.808743
0.410341
0.000277
0.645787
0.753315
0.449917
0.726032
0.165451
0.116956
0.041598
0.000109
0.531367
0.901437
0.896552
0.572447
0.652832
0.006326
0.153709
0.314483
0.000197
0.456208
0.551785
0.821206
0.314483
0.381222
0.032520
0.386941
0.010297
0.225794
0.131151
0.000000
0.456208
0.551785
0.544950
0.252167
0.645787
0.055229
0.381222
0.285477
0.614310
0.673945
0.265165
0.252167
0.000591
0.456208
0.652832
0.375557
0.199779
0.551785
0.016414
0.038195
0.189398
0.184463
0.093508
0.416320
0.586333
0.985553
0.698284
0.000400
0.456208
0.760042
0.294921
0.199779
0.558648
0.097269
0.116956
0.014661
0.274108
0.221921
0.097269
0.666913
0.958842
0.407215
0.967432
0.958842
0.000000
0.565535
0.381222
0.827331
0.179463
0.218100
0.148107
