0.307171
0.194624
0.867958
0.340199
0.329745
0.494871
0.372892
0.314483
0.680967
0.453223
0.666913
0.593305
0.779952
0.422349
0.302279
0.821206
0.607295
0.621335
0.324601
0.766726
0.361775
0.896552
0.867958
0.534929
0.324601
0.766726
0.056388
0.680967
0.867958
0.659874
0.862416
0.345510
0.494871
0.040722
0.779952
0.856782
0.356298
0.799391
0.746548
0.856782
0.218100
0.422349
0.404413
0.121532
0.915418
0.494871
0.919848
0.680967
0.514742
0.214332
0.773363
0.416320
0.786488
0.551785
0.494871
0.851058
0.856782
0.760042
0.760042
0.994262
0.131151
0.278663
0.851058
0.773363
0.501457
0.494871
0.252167
0.856782
0.924159
0.856782
0.753315
0.970039
0.851058
0.579380
0.967432
0.260777
0.356298
0.753315
0.851058
0.521438
0.404413
0.766726
0.314483
0.967432
0.779952
0.851058
0.915418
0.856782
0.572447
0.991157
0.392713
0.970039
0.247945
0.367306
0.652832
0.278663
0.508082
0.481816
0.593305
0.468925
