0.094485
0.600293
0.833382
0.269609
0.726032
0.910872
0.593305
0.531367
0.851058
0.779952
0.624665
0.964698
0.991157
0.481816
0.701955
0.551785
0.955720
0.119225
0.708915
0.827331
0.701955
0.462545
0.955720
0.069940
0.521438
0.739743
0.958842
0.680967
0.952469
0.551785
0.924159
0.091676
0.773363
0.901437
0.958842
0.386941
0.586333
0.753315
0.631702
0.967432
0.121532
0.586333
0.961834
0.958842
0.153709
0.821206
0.119225
0.111505
0.652832
0.949090
0.970039
0.652832
0.334944
0.839356
0.746548
0.645787
0.732903
0.121532
0.924159
0.258490
0.687978
0.833382
0.891559
0.928349
0.314483
0.666913
0.961834
0.952469
0.475349
0.998659
0.093508
0.565535
0.413167
0.443672
0.970039
0.628368
0.839356
0.952469
0.851058
0.544950
0.416320
0.961834
0.987120
0.386941
0.998659
0.091676
0.673945
0.596613
0.227647
0.967432
0.878757
0.179463
0.434555
0.329745
0.726032
0.964698
0.987120
0.687978
0.247945
0.666913
