0.833382
0.475349
0.398537
0.243777
0.521438
0.746548
0.475349
0.488323
0.732903
0.364388
0.514742
0.833382
0.110374
0.652832
0.256445
0.666913
0.468925
0.036592
0.753315
0.475349
0.099199
0.398537
0.645787
0.148107
0.565535
0.475349
0.760042
0.422349
0.398537
0.475349
0.036592
0.456208
0.586333
0.779952
0.252167
0.462545
0.494871
0.398537
0.404413
0.112531
0.449917
0.845248
0.416320
0.381222
0.256445
0.687978
0.148107
0.142680
0.260777
0.760042
0.437474
0.624665
0.919848
0.773363
0.252167
0.199779
0.138790
0.235604
0.705254
0.906211
0.659874
0.126262
0.753315
0.086372
0.631702
0.856782
0.410341
0.054091
0.652832
0.779952
0.081343
0.802412
0.659874
0.906211
0.494871
0.586333
0.060002
0.746548
0.116956
0.531367
0.851058
0.416320
0.114725
0.475349
0.779952
0.645787
0.102105
0.659874
0.906211
0.753315
0.101163
0.462545
0.910872
0.449917
0.481816
0.739743
0.531367
0.659874
0.915418
0.851058
