0.000000
0.274341
0.286484
0.626479
0.011202
0.035777
0.981045
0.079513
0.412651
0.016872
0.079513
0.840276
0.217742
0.239526
0.398638
0.981045
0.921564
0.817120
0.286484
0.223077
0.913212
0.159708
0.337466
0.633331
0.680031
0.954519
0.570425
0.071858
0.831253
0.025901
0.807304
0.138854
0.311516
0.250853
0.069437
0.187326
0.337466
0.491310
0.904217
0.197157
0.182527
0.619588
0.025901
0.797174
0.377875
0.069437
0.011202
0.391681
0.759325
0.102945
0.274341
0.256623
0.131060
0.112922
0.377875
0.433881
0.956244
0.173164
0.239526
0.556148
0.064784
0.699266
0.484094
0.022841
0.050392
0.441005
0.770511
0.228486
0.228486
0.350752
0.541801
0.228486
0.605695
0.274341
0.192203
0.250853
0.177806
0.127279
0.377875
0.469681
0.926786
0.305169
0.177806
0.484094
0.082198
0.840276
0.398638
0.028125
0.025901
0.412651
0.764955
0.371030
0.239526
0.476883
0.666933
0.268368
0.151131
0.187326
0.168600
0.357467
