0.000000
0.407933
0.703934
0.807788
0.303653
0.165289
0.938169
0.220925
0.629483
0.006294
0.165289
0.938169
0.135609
0.754853
0.519382
0.994594
0.875518
0.890679
0.814738
0.119676
0.721432
0.498961
0.778440
0.330943
0.786006
0.978849
0.321735
0.005070
0.639128
0.051123
0.738414
0.560035
0.037025
0.124832
0.529579
0.498961
0.509174
0.814738
0.952407
0.437960
0.114672
0.609955
0.147009
0.954913
0.359173
0.141231
0.005860
0.629483
0.746703
0.407933
0.033103
0.076232
0.590151
0.417890
0.560035
0.814738
0.963898
0.519382
0.159038
0.458197
0.349667
0.904472
0.539758
0.114672
0.039124
0.648688
0.807788
0.178264
0.519382
0.658155
0.786006
0.695002
0.870153
0.746703
0.035019
0.039124
0.549912
0.609955
0.590151
0.703934
0.965899
0.695002
0.135609
0.294787
0.448061
0.928153
0.398036
0.119676
0.013311
0.639128
0.807788
0.236357
0.427901
0.778440
0.778440
0.529579
0.026285
0.340255
0.105116
0.378448
