0.000000
0.000000
0.407933
0.274341
0.703934
0.286484
0.807788
0.626479
0.303653
0.011202
0.165289
0.035777
0.938169
0.981045
0.220925
0.079513
0.629483
0.412651
0.006294
0.016872
0.165289
0.079513
0.938169
0.840276
0.135609
0.217742
0.754853
0.239526
0.519382
0.398638
0.994594
0.981045
0.875518
0.921564
0.890679
0.817120
0.814738
0.286484
0.119676
0.223077
0.721432
0.913212
0.498961
0.159708
0.778440
0.337466
0.330943
0.633331
0.786006
0.680031
0.978849
0.954519
0.321735
0.570425
0.005070
0.071858
0.639128
0.831253
0.051123
0.025901
0.738414
0.807304
0.560035
0.138854
0.037025
0.311516
0.124832
0.250853
0.529579
0.069437
0.498961
0.187326
0.509174
0.337466
0.814738
0.491310
0.952407
0.904217
0.437960
0.197157
0.114672
0.182527
0.609955
0.619588
0.147009
0.025901
0.954913
0.797174
0.359173
0.377875
0.141231
0.069437
0.005860
0.011202
0.629483
0.391681
0.746703
0.759325
0.407933
0.102945
0.033103
0.274341
0.076232
0.256623
0.590151
0.131060
0.417890
0.112922
0.560035
0.377875
0.814738
0.433881
0.963898
0.956244
0.519382
0.173164
0.159038
0.239526
0.458197
0.556148
0.349667
0.064784
0.904472
0.699266
0.539758
0.484094
0.114672
0.022841
0.039124
0.050392
0.648688
0.441005
0.807788
0.770511
0.178264
0.228486
0.519382
0.228486
0.658155
0.350752
0.786006
0.541801
0.695002
0.228486
0.870153
0.605695
0.746703
0.274341
0.035019
0.192203
0.039124
0.250853
0.549912
0.177806
0.609955
0.127279
0.590151
0.377875
0.703934
0.469681
0.965899
0.926786
0.695002
0.305169
0.135609
0.177806
0.294787
0.484094
0.448061
0.082198
0.928153
0.840276
0.398036
0.398638
0.119676
0.028125
0.013311
0.025901
0.639128
0.412651
0.807788
0.764955
0.236357
0.371030
0.427901
0.239526
0.778440
0.476883
0.778440
0.666933
0.529579
0.268368
0.026285
0.151131
0.340255
0.187326
0.105116
0.168600
0.378448
0.357467
