0.646355
0.581909
0.358795
0.783087
0.462869
0.142033
0.783087
0.142033
1.000000
0.926884
0.520637
0.408863
0.926884
0.713570
0.713570
0.462869
0.066457
0.854380
0.646355
0.408863
0.462869
0.646355
0.926884
0.520637
0.581909
0.854380
0.646355
0.358795
0.168669
0.312769
0.520637
0.854380
0.408863
0.462869
0.783087
0.312769
0.783087
0.854380
0.646355
0.066457
0.926884
0.783087
0.520637
0.408863
0.066457
0.118754
0.312769
0.081236
0.358795
0.198887
0.581909
0.520637
0.646355
0.520637
0.312769
0.312769
0.646355
0.783087
0.198887
0.713570
0.713570
0.581909
0.358795
0.520637
0.043502
0.408863
0.232884
0.005905
0.408863
0.713570
0.081236
0.462869
0.854380
0.926884
0.462869
0.408863
0.581909
0.270812
0.854380
0.142033
0.034805
0.520637
1.000000
0.198887
0.462869
0.408863
0.462869
0.312769
0.926884
0.783087
0.854380
0.034805
0.581909
0.312769
0.646355
0.043502
0.520637
0.462869
0.713570
0.270812
