0.367262
0.595715
0.085478
0.048846
0.432653
0.834379
0.023862
0.011053
0.034486
0.156072
0.274532
0.116726
0.779526
0.719518
0.191162
0.674483
0.243920
0.637230
0.000907
0.008891
0.934177
0.066944
0.347510
0.441723
0.564019
0.323906
0.468828
0.896556
0.733869
0.391385
0.195294
0.113326
0.629968
0.937919
0.904432
0.021520
0.026717
0.400526
0.359440
0.271269
0.995096
0.032408
0.010957
0.271375
0.063046
0.984302
0.653566
0.748968
0.378913
0.164960
0.602994
0.878743
0.062966
0.255500
0.871619
0.012021
0.737330
0.683176
0.057683
0.542344
0.358629
0.394205
0.161206
0.299683
0.533915
0.124953
0.490236
0.106156
0.615013
0.825793
0.847875
0.318710
0.448204
0.304788
0.790632
0.847983
0.925679
0.695109
0.509127
0.819900
0.027897
0.026849
0.254609
0.082194
0.860568
0.396196
0.479911
0.299585
0.172351
0.447216
0.762559
0.045609
0.266227
0.779228
0.015994
0.721902
0.768574
0.405033
0.986545
0.272183
