0.013047
0.001349
0.178686
0.158098
0.625135
0.062757
0.003371
0.710097
0.187795
0.116850
0.645732
0.203677
0.538964
0.684095
0.035635
0.633995
0.181688
0.624148
0.014317
0.581282
0.010526
0.159746
0.248305
0.551071
0.055924
0.627108
0.431460
0.730829
0.050605
0.618214
0.230905
0.075674
0.345646
0.476712
0.606294
0.485685
0.673675
0.072630
0.070560
0.077549
0.449028
0.575252
0.389485
0.865970
0.516785
0.663153
0.688795
0.555106
0.029425
0.521821
0.093943
0.186563
0.598313
0.478703
0.454927
0.380169
0.683152
0.929713
0.451975
0.377392
0.410284
0.143821
0.449028
0.119937
0.524844
0.182292
0.264943
0.826012
0.601309
0.583290
0.432431
0.850723
0.723687
0.644757
0.486684
0.594314
0.025623
0.326355
0.059132
0.105917
0.641830
0.509742
0.729050
0.550062
0.460845
0.818765
0.411239
0.503713
0.688795
0.219061
0.564179
0.520814
0.118607
0.011096
0.675578
0.034025
0.242417
0.231614
0.776083
0.419866
