0.783217
0.002768
0.311602
0.543672
0.390324
0.414663
0.919601
0.976832
0.856986
0.856990
0.952501
0.770222
0.369458
0.469327
0.868349
0.028790
0.032234
0.821154
0.717055
0.937056
0.223737
0.900310
0.064775
0.890030
0.879368
0.342001
0.770217
0.169313
0.821159
0.371967
0.223737
0.703577
0.457496
0.821159
0.796060
0.508852
0.320749
0.403700
0.796055
0.342001
0.401048
0.102376
0.197286
0.448670
0.879372
0.770222
0.469323
0.676533
0.937053
0.125634
0.952501
0.332406
0.120454
0.770222
0.743829
0.543672
0.856990
0.569565
0.845322
0.180637
0.180635
0.379793
0.770217
0.232544
0.796055
0.403700
0.890030
0.285343
0.730479
0.622572
0.945039
0.546812
0.757083
0.890034
0.437149
0.279008
0.203643
0.311599
0.002548
0.018926
0.770222
0.543677
0.481329
0.059752
0.332409
0.965792
0.361777
0.770222
0.469323
0.690064
0.808714
0.304823
0.910173
0.609198
0.018749
0.210168
0.001385
0.530918
0.559734
0.556559
