0.638439
0.039246
0.719843
0.499331
0.618744
0.116629
0.631133
0.490085
0.300018
0.408587
0.673666
0.705634
0.648204
0.898120
0.537302
0.214916
0.187587
0.623293
0.348715
0.101166
0.889813
0.751080
0.664706
0.954817
0.432402
0.529000
0.204555
0.116078
0.447077
0.447262
0.043925
0.014564
0.618014
0.599236
0.945700
0.688082
0.083854
0.673770
0.216033
0.316169
0.088665
0.839655
0.438627
0.738185
0.534503
0.977325
0.958282
0.739586
0.793138
0.951961
0.148815
0.098764
0.117338
0.814751
0.169444
0.012322
0.591735
0.283120
0.342791
0.458499
0.004336
0.281412
0.875529
0.515845
0.138824
0.091303
0.478597
0.662943
0.691540
0.855502
0.760783
0.836758
0.339675
0.484255
0.525749
0.600568
0.673704
0.639342
0.621339
0.055332
0.720281
0.706775
0.755742
0.666986
0.893179
0.970727
0.655768
0.574590
0.918599
0.390254
0.135286
0.222751
0.757499
0.277094
0.009701
0.783929
0.265130
0.678675
0.687178
0.001278
