# 21(31/54) 22(54/31)
13,24,28,21,38,40,15,25,44,45,27,49,50,52,55,56,59,46,18,14,29,54,31,58,37,61,42,0,62,16,4,57,11,7,41,53,33,30,51,26,39,23,22,34,60,1,48,20,8,63,36,5,6,10,32,43,3,19,35,9,12,2,17,47
[278.94976738348635, 669.9350649579062, 1288.4050560116493, 1037.2855706317766, 343.63374660323245, 852.336954918735, 858.1704502050706, 359.9278523669118, 795.3285128398898, 1162.6199969343502, 913.252770635243, 348.968127788767, 1228.06380704997, 0.0, 57.90183823680119, 0.0, 312.7124448571286, 1355.8414752330527, 3.7148429472132447, 1046.374951663253, 790.1791971330574, 0.0, 551.6389338515102, 542.9541599815432, 0.0, 0.0, 496.2488493335871, 0.0, 0.0, 77.27415570130431, 444.2586911839785, 79.21782409008374, 921.4431024911804, 413.78188760084913, 631.5648663669781, 1094.8889399056977, 845.9617545758183, 160.17410074679725, 0.0, 506.632946563642, 0.0, 370.18848306454174, 263.062948890937, 964.0901054510175, 0.0, 0.0, 0.0, 1511.7969272422772, 743.372675207739, 0.0, 0.0, 481.3641069723221, 0.0, 375.6769407866025, 79.0605014618286, 0.0, 0.0, 348.24328463238805, 158.38930998657338, 0.0, 657.3723575787863, 202.67188975588562, 305.47320026405487, 828.32125489621]
13,24,28,21,38,40,15,25,44,45,27,49,50,52,55,56,59,46,18,14,29,31,54,58,37,61,42,0,62,16,4,57,11,7,41,53,33,30,51,26,39,23,22,34,60,1,48,20,8,63,36,5,6,10,32,43,3,19,35,9,12,2,17,47
[278.2093507168197, 669.2817316245729, 1287.2646393449827, 1036.5184872984432, 344.62749660323243, 851.2232049187351, 857.6433668717373, 359.96785236691176, 795.1151795065564, 1162.5933302676835, 913.6425623019097, 349.3179194554337, 1228.7500570499699, 0.0, 57.93871323680116, 0.0, 312.82223652379525, 1356.2877252330527, 3.9046346138799297, 1046.5412016632529, 790.4756554663908, 0.0, 552.0020588515101, 542.8474933148766, 0.0, 0.0, 496.63864100025376, 0.0, 0.0, 77.57061403463766, 444.3457745173118, 78.8342824234171, 921.3928941578471, 413.5089709341824, 631.4315330336447, 1094.745398239031, 845.6448795758183, 160.5105590801306, 0.0, 506.2831548969753, 0.0, 370.18535806454173, 262.78607389093696, 963.6932304510175, 0.0, 0.0, 0.0, 1511.8165105756107, 743.4824668744058, 0.0, 0.0, 481.35389863898877, 0.0, 375.66673245326916, 79.09737646182859, 0.0, 0.0, 347.7734929657214, 157.98618498657336, 0.0, 657.0092325787863, 203.08834808921895, 305.88965859738823, 828.7377132295433]

# 1(14/11) 2(11/14)
13,14,11,4,10,7,6,15,9,8,1,12,0,5,3,2
[2774.280457491775, 2496.783295666484, 3127.413554191832, 2974.738032422706, 837.5575175577721, 2789.5977454660147, 1358.055015667735, 1203.2467227368288, 1911.2791388023375, 1739.7644575548325, 1126.3224553190084, 712.7853227177063, 2500.2806275758358, 472.65279708416665, 712.5434484510942, 1537.6083914659857]
13,11,14,4,10,7,6,15,9,8,1,12,0,5,3,2
[2773.442332491775, 2497.4837123331504, 3128.640220858499, 2974.546990756039, 837.8908508911054, 2789.0608704660144, 1357.7377240010687, 1202.9604727368287, 1911.1458054690042, 1739.8782075548324, 1126.1926636523417, 713.0253227177063, 2500.6833359091693, 471.97988041749994, 713.3399067844275, 1537.8581831326524]