0.000000
0.142033
0.118754
0.783087
0.232884
0.098577
0.081236
0.520637
0.358795
0.646355
0.854380
0.520637
0.581909
0.520637
0.168669
0.713570
0.408863
0.358795
1.000000
0.198887
0.783087
0.854380
0.926884
0.408863
0.926884
0.520637
0.270812
0.168669
0.520637
0.312769
0.066457
0.462869
1.000000
0.358795
0.270812
0.198887
0.358795
0.926884
0.926884
0.646355
0.312769
0.358795
0.118754
0.854380
1.000000
0.017036
0.198887
0.713570
0.783087
0.142033
0.783087
0.098577
0.926884
0.854380
0.232884
0.581909
0.142033
0.462869
0.646355
0.581909
0.926884
0.646355
0.462869
0.168669
0.713570
0.646355
0.854380
0.854380
0.646355
1.000000
0.854380
0.098577
0.854380
0.098577
0.098577
0.581909
0.462869
0.232884
0.053968
0.168669
0.854380
0.232884
0.520637
0.232884
0.783087
0.713570
0.232884
0.098577
0.232884
0.783087
0.926884
0.168669
0.232884
0.168669
0.783087
0.408863
0.312769
0.408863
0.646355
0.312769
