0.532413
0.498935
0.633841
0.300440
0.490518
0.281339
0.208269
0.029128
0.645819
0.449599
0.343026
0.884472
0.033294
0.670770
0.673149
0.522580
0.282057
0.287317
0.216299
0.289785
0.634032
0.184035
0.343026
0.731596
0.454997
0.598842
0.812070
0.776245
0.108343
0.800526
0.588458
0.873581
0.938859
0.128405
0.263502
0.603639
0.494089
0.609282
0.106641
0.532413
0.499995
0.873581
0.205768
0.141564
0.556665
0.119392
0.507900
0.225206
0.657511
0.084074
0.767070
0.730219
0.109759
0.640403
0.140014
0.193326
0.498935
0.963248
0.351453
0.527864
0.753945
0.421328
0.935595
0.406276
0.286319
0.657511
0.034082
0.025372
0.965781
0.728018
0.379041
0.959450
0.502133
0.244967
0.728018
0.822183
0.774086
0.377275
0.506405
0.530032
0.774086
0.156883
0.423094
0.649383
0.459609
0.730219
0.452440
0.069325
0.812070
0.767070
0.762186
0.115292
0.662261
0.516068
0.440709
0.351453
0.762186
0.459609
0.905643
0.414141
