0.339758
0.261534
0.437358
0.255472
0.265028
0.968080
0.702229
0.394247
0.225215
0.589235
0.414683
0.243920
0.312515
0.772102
0.054882
0.729146
0.968444
0.311895
0.145141
0.938555
0.838272
0.584642
0.231345
0.341291
0.893219
0.529736
0.094100
0.736704
0.344032
0.098675
0.330584
0.181563
0.575205
0.448986
0.751173
0.265558
0.420407
0.663953
0.476272
0.149536
0.539044
0.372794
0.339124
0.827973
0.222390
0.280355
0.307659
0.212588
0.171855
0.230637
0.447245
0.438096
0.828309
0.116860
0.482244
0.551531
0.726923
0.222459
0.576793
0.545937
0.438955
0.751875
0.173415
0.207739
0.254244
0.205341
0.275841
0.810528
0.887518
0.357871
0.340930
0.484486
0.132086
0.496507
0.688861
0.649434
0.766396
0.052154
0.695640
0.434863
0.626535
0.230139
0.705650
0.655804
0.399383
0.829902
0.270050
0.435400
0.435305
0.335576
0.539270
0.749162
0.823761
0.496867
0.110496
0.734289
0.712273
0.623547
0.412029
0.998162
