0.000955
0.713570
0.312769
0.198887
0.098577
0.520637
0.783087
0.408863
0.926884
0.312769
0.198887
0.646355
0.713570
0.232884
0.854380
0.646355
0.066457
0.312769
0.232884
0.232884
0.783087
0.926884
0.462869
0.462869
0.358795
0.017036
0.312769
0.926884
0.232884
0.783087
0.270812
0.926884
0.783087
0.854380
0.462869
0.232884
0.783087
1.000000
0.783087
0.358795
0.783087
0.034805
0.713570
0.462869
0.581909
0.270812
0.854380
0.713570
0.098577
0.232884
0.713570
0.783087
0.520637
0.462869
0.462869
0.198887
0.520637
0.168669
0.520637
0.926884
0.783087
0.520637
0.168669
0.520637
0.013224
0.462869
0.462869
0.358795
0.358795
0.854380
0.118754
0.646355
0.043502
1.000000
0.926884
0.098577
0.646355
0.118754
0.034805
0.232884
0.783087
0.783087
0.520637
0.713570
0.783087
0.713570
0.520637
0.520637
0.462869
0.926884
0.520637
0.926884
0.783087
0.646355
0.358795
0.713570
0.462869
0.270812
0.783087
0.066457
