0.000002
0.290206
0.486940
0.008472
0.522751
0.128732
0.843947
0.131757
0.910355
0.740734
0.898208
0.376929
0.827106
0.164192
0.156132
0.220860
0.367455
0.197813
0.899824
0.929909
0.464118
0.728485
0.150219
0.578653
0.809753
0.362146
0.038428
0.321827
0.177686
0.903740
0.943470
0.396065
0.403046
0.225724
0.439522
0.973470
0.187768
0.445240
0.403830
0.806425
0.379642
0.013458
0.887896
0.491203
0.866926
0.444948
0.703669
0.126869
0.203959
0.673592
0.397852
0.595968
0.403269
0.206757
0.919270
0.604677
0.366026
0.327978
0.286949
0.849037
0.519756
0.291385
0.012849
0.352353
0.173858
0.897788
0.832989
0.226610
0.350011
0.425109
0.577694
0.943065
0.126501
0.095581
0.185977
0.882243
0.707825
0.938513
0.533666
0.700926
0.112245
0.987501
0.762968
0.442517
0.971886
0.185232
0.714814
0.759033
0.008635
0.799981
0.596085
0.844337
0.273726
0.754678
0.178411
0.169480
0.303059
0.196119
0.400610
0.400043
