0.955720
0.987120
0.958842
0.443672
0.989919
0.949090
0.392713
0.093508
0.610616
0.991157
0.827331
0.558648
0.116956
0.652832
0.049752
0.494871
0.027928
0.572447
0.958842
0.544950
0.910872
0.039021
0.833382
0.475349
0.468925
0.199779
0.992290
0.949090
0.278663
0.035052
0.726032
0.961834
0.631702
0.652832
0.123878
0.839356
0.398537
0.375557
0.203341
0.760042
0.524622
0.283274
0.104120
0.579380
0.078971
0.116956
0.187800
0.958842
0.827331
0.652832
0.369946
0.988575
0.121532
0.833382
0.329745
0.631702
0.398537
0.915418
0.712205
0.356298
0.025584
0.404413
0.078971
0.243777
0.233700
0.659874
0.815009
0.350877
0.638743
0.652832
0.108254
0.252167
0.896552
0.958842
0.243777
0.558648
0.030472
0.746548
0.214332
0.638743
0.095372
0.398537
0.064449
0.233700
0.018980
0.410341
0.579380
0.955720
0.297443
0.256445
0.239663
0.508082
0.544950
0.659874
0.063139
0.558648
0.005364
0.123878
0.666913
0.345510
