0.694975
0.999417
0.891559
0.694975
0.821206
0.827331
0.481816
0.766726
0.786488
0.961834
0.815009
0.410341
0.666913
0.833382
0.186038
0.119225
0.621335
0.924159
0.827331
0.659874
0.329745
0.961834
0.827331
0.624665
0.565535
0.607295
0.773363
0.304589
0.786488
0.873406
0.851058
0.998961
0.319514
0.128687
0.475349
0.746548
0.280840
0.586333
0.786488
0.558648
0.753315
0.924159
0.428427
0.314483
0.638743
0.416320
0.961834
0.607295
0.851058
0.955720
0.398537
0.572447
0.319514
0.462545
0.431323
0.501457
0.600293
0.565535
0.558648
0.993324
0.428427
0.673945
0.304589
0.494871
0.906211
0.614310
0.416320
0.410341
0.413167
0.833382
0.839356
0.631702
0.856782
0.821206
0.410341
0.475349
0.961834
0.309508
0.082990
0.416320
0.786488
0.386941
0.071377
0.992290
0.786488
0.392713
0.381222
0.131151
0.901437
0.792968
0.350877
0.260777
0.018980
0.192809
0.260777
0.815009
0.579380
0.358886
0.319514
0.398537
