0.140030
0.047704
0.967432
0.579380
0.002887
0.970039
0.856782
0.299727
0.319514
0.078138
0.773363
0.350877
0.631702
0.839356
0.050806
0.419169
0.694975
0.044778
0.156577
0.779952
0.991157
0.027928
0.701955
0.018149
0.456208
0.214332
0.624665
0.739743
0.186038
0.652832
0.061853
0.746548
0.340199
0.970039
0.290171
0.878757
0.012504
0.468925
0.162447
0.732903
0.631702
0.645787
0.851058
0.924159
0.719131
0.381222
0.165451
0.753315
0.007191
0.652832
0.274108
0.579380
0.235604
0.799391
0.001889
0.386941
0.260777
0.456208
0.186038
0.375557
0.766726
0.919848
0.952469
0.645787
0.265165
0.652832
0.319514
0.766726
0.468925
0.309508
0.624665
0.739743
0.276259
0.910872
0.078971
0.404413
0.437474
0.701955
0.000713
0.392713
0.481816
0.456208
0.027324
0.961834
0.324601
0.970039
0.369946
0.645787
0.206953
0.652832
0.760042
0.586333
0.565535
0.375557
0.294921
0.833382
0.845248
0.708915
0.229720
0.739743
