0.624665
0.659874
0.910872
0.494871
0.481816
0.867958
0.991157
0.039021
0.987120
0.468925
0.694975
0.967432
0.067143
0.243777
0.416320
0.060002
0.235604
0.833382
0.572447
0.792968
0.919848
0.084666
0.901437
0.521438
0.739743
0.054091
0.915418
0.694975
0.833382
0.833382
0.538143
0.673945
0.521438
0.961834
0.243777
0.896552
0.715853
0.558648
0.022179
0.919848
0.340199
0.833382
0.833382
0.324601
0.123878
0.989919
0.446953
0.239663
0.645787
0.319514
0.528168
0.746548
0.462545
0.821206
0.621335
0.468925
0.039021
0.856782
0.680967
0.833382
0.468925
0.375557
0.572447
0.992290
0.628368
0.020750
0.345510
0.638743
0.964698
0.687978
0.299727
0.558648
0.739743
0.910872
0.521438
0.833382
0.572447
0.089877
0.621335
0.037386
0.753315
0.924159
0.586333
0.314483
0.906211
0.449917
0.666913
0.919848
0.528168
0.038195
0.340199
0.243777
0.481816
0.416320
0.231599
0.760042
0.137423
0.123878
0.867958
0.607295
