0.269609
0.434555
0.645787
0.694975
0.159489
0.753315
0.274108
0.416320
0.638743
0.329745
0.673945
0.607295
0.386941
0.069940
0.792968
0.645787
0.299727
0.345510
0.192809
0.494871
0.410341
0.398537
0.319514
0.398537
0.475349
0.052975
0.350877
0.766726
0.708915
0.434555
0.012370
0.319514
0.773363
0.992290
0.572447
0.392713
0.334944
0.827331
0.000938
0.203341
0.786488
0.799391
0.165451
0.128687
0.624665
0.462545
0.680967
0.437474
0.593305
0.565535
0.274108
0.851058
0.398537
0.392713
0.773363
0.987120
0.041598
0.123878
0.786488
0.708915
0.162447
0.398537
0.443672
0.652832
0.851058
0.617636
0.624665
0.142680
0.896552
0.013697
0.285477
0.792968
0.416320
0.753315
0.579380
0.924159
0.247945
0.488323
0.856782
0.833382
0.121532
0.126262
0.928349
0.361775
0.012655
0.851058
0.624665
0.659874
0.964698
0.617636
0.524622
0.114725
0.638743
0.079726
0.007894
0.792968
0.607295
0.551785
0.701955
0.687978
