0.766726
0.739743
0.779952
0.732903
0.481816
0.802412
0.267263
0.766726
0.839356
0.203341
0.732903
0.212370
0.851058
0.624665
0.821206
0.988575
0.673945
0.673945
0.779952
0.262849
0.802412
0.579380
0.719131
0.896552
0.203341
0.481816
0.462545
0.404413
0.928349
0.624665
0.746548
0.586333
0.208682
0.719131
0.468925
0.189398
0.821206
0.165451
0.165451
0.531367
0.422349
0.992290
0.348045
0.449917
0.645787
0.462545
0.051880
0.235604
0.265165
0.329745
0.212370
0.815009
0.468925
0.443672
0.739743
0.324601
0.494871
0.437474
0.701955
0.760042
0.176249
0.896552
0.247945
0.069940
0.008465
0.538143
0.712205
0.779952
0.579380
0.304589
0.565535
0.369946
0.652832
0.932418
0.096266
0.901437
0.319514
0.617636
0.989919
0.652832
0.779952
0.624665
0.607295
0.753315
0.034305
0.150886
0.572447
0.119225
0.028545
0.726032
0.437474
0.579380
0.488323
0.645787
0.645787
0.739743
0.856782
0.666913
0.753315
0.039021
