0.361775
0.488323
0.086372
0.694975
0.386941
0.099199
0.007191
0.381222
0.329745
0.586333
0.012370
0.063139
0.011288
0.991157
0.189398
0.302279
0.856782
0.924159
0.081343
0.446953
0.007025
0.304589
0.673945
0.260777
0.446953
0.827331
0.488323
0.100125
0.544950
0.299727
0.932418
0.035815
0.017957
0.624665
0.462545
0.746548
0.773363
0.621335
0.833382
0.456208
0.104120
0.746548
0.186038
0.304589
0.488323
0.265165
0.919848
0.565535
0.607295
0.227647
0.099199
0.732903
0.381222
0.551785
0.488323
0.534929
0.381222
0.456208
0.106169
0.638743
0.192809
0.739743
0.488323
0.101163
0.579380
0.565535
0.607295
0.410341
0.558648
0.673945
0.919848
0.726032
0.701955
0.082990
0.030472
0.088109
0.475349
0.314483
0.265165
0.446953
0.901437
0.369946
0.025584
0.375557
0.309508
0.827331
0.392713
0.488323
0.924159
0.056388
0.873406
0.319514
0.016414
0.867958
0.964698
0.304589
0.040268
0.192809
0.005239
0.687978
