0.732903
0.517910
0.915418
0.952469
0.886460
0.565535
0.021693
0.851058
0.961834
0.364388
0.967432
0.624665
0.856782
0.999581
0.449917
0.285477
0.372892
0.746548
0.952469
0.565535
0.021216
0.779952
0.833382
0.186038
0.638743
0.250160
0.621335
0.949090
0.712205
0.839356
0.983870
0.050806
0.038195
0.680967
0.851058
0.952469
0.243777
0.659874
0.198110
0.867958
0.891559
0.086372
0.746548
0.122762
0.449917
0.867958
0.773363
0.319514
0.955720
0.088109
0.088109
0.680967
0.919848
0.985553
0.112531
0.572447
0.307171
0.701955
0.544950
0.186038
0.314483
0.070693
0.375557
0.687978
0.928349
0.159489
0.792968
0.779952
0.839356
0.873406
0.278663
0.739743
0.891559
0.739743
0.369946
0.334944
0.999417
0.462545
0.294921
0.579380
0.378532
0.867958
0.369946
0.719131
0.095372
0.155213
0.821206
0.593305
0.221921
0.256445
0.779952
0.680967
0.260777
0.873406
0.680967
0.988575
0.753315
0.617636
0.199779
0.867958
