0.638743
0.304589
0.833382
0.915418
0.456208
0.565535
0.446953
0.673945
0.680967
0.712205
0.760042
0.873406
0.856782
0.600293
0.319514
0.779952
0.309508
0.381222
0.652832
0.600293
0.701955
0.501457
0.126262
0.915418
0.673945
0.915418
0.239663
0.551785
0.416320
0.381222
0.558648
0.652832
0.600293
0.867958
0.593305
0.265165
0.989919
0.475349
0.867958
0.134857
0.766726
0.171598
0.392713
0.586333
0.586333
0.901437
0.475349
0.431323
0.392713
0.652832
0.694975
0.786488
0.593305
0.043403
0.989919
0.256445
0.867958
0.134857
0.760042
0.221921
0.392713
0.856782
0.967432
0.462545
0.256445
0.511232
0.434555
0.443672
0.361775
0.886460
0.760042
0.358886
0.833382
0.739743
0.786488
0.928349
0.867958
0.017169
0.915418
0.199779
0.614310
0.132333
0.760042
0.283274
0.659874
0.779952
0.915418
0.833382
0.659874
0.280840
0.283274
0.294921
0.446953
0.524622
0.910872
0.364388
0.252167
0.924159
0.163865
0.475349
