0.304589
0.265165
0.206953
0.004285
0.095372
0.189398
0.428427
0.252167
0.673945
0.196269
0.666913
0.029816
0.221921
0.196269
0.075850
0.081343
0.481816
0.156577
0.058775
0.223749
0.245964
0.449917
0.739743
0.042491
0.206953
0.726032
0.593305
0.856782
0.906211
0.494871
0.381222
0.045279
0.140030
0.446953
0.304589
0.531367
0.006326
0.410341
0.949090
0.701955
0.964698
0.369946
0.586333
0.235604
0.726032
0.294921
0.779952
0.047704
0.753315
0.045279
0.353438
0.534929
0.243777
0.443672
0.029174
0.586333
0.726032
0.708915
0.964698
0.189398
0.773363
0.086372
0.815009
0.088109
0.666913
0.239663
0.558648
0.247945
0.265165
0.638743
0.659874
0.955720
0.243777
0.136202
0.020293
0.446953
0.243777
0.065784
0.050806
0.410341
0.726032
0.428427
0.958842
0.199779
0.970039
0.036592
0.538143
0.443672
0.572447
0.896552
0.732903
0.314483
0.214332
0.952469
0.746548
0.987120
0.910872
0.016048
0.481816
0.398537
