0.839356
0.845248
0.278663
0.413167
0.297443
0.235604
0.260777
0.915418
0.375557
0.440730
0.638743
0.375557
0.673945
0.203341
0.779952
0.488323
0.638743
0.375557
0.501457
0.106169
0.607295
0.572447
0.398537
0.381222
0.924159
0.945583
0.586333
0.862416
0.488323
0.719131
0.839356
0.773363
0.443672
0.278663
0.862416
0.309508
0.845248
0.919848
0.243777
0.398537
0.514742
0.958842
0.517910
0.001075
0.324601
0.256445
0.753315
0.150886
0.565535
0.680967
0.140030
0.428427
0.972517
0.551785
0.673945
0.992290
0.456208
0.586333
0.607295
0.827331
0.358886
0.000277
0.475349
0.398537
0.386941
0.309508
0.243777
0.987120
0.369946
0.223749
0.845248
0.324601
0.666913
0.851058
0.137423
0.345510
0.928349
0.558648
0.398537
0.910872
0.156577
0.964698
0.422349
0.739743
0.110374
0.007713
0.475349
0.475349
0.551785
0.746548
0.051880
0.833382
0.538143
0.691294
0.673945
0.203341
0.845248
0.845248
0.524622
0.356298
