0.165451
0.732903
0.181174
0.792968
0.260777
0.428427
0.964698
0.501457
0.334944
0.319514
0.283274
0.999581
0.508082
0.299727
0.964698
0.779952
0.915418
0.095372
0.680967
0.607295
0.845248
0.428427
0.617636
0.928349
0.928349
0.827331
0.189398
0.528168
0.112531
0.851058
0.126262
0.422349
0.600293
0.773363
0.593305
0.137423
0.779952
0.786488
0.833382
0.088109
0.446953
0.082990
0.967432
0.746548
0.449917
0.773363
0.369946
0.000607
0.159489
0.680967
0.434555
0.924159
0.218100
0.106169
0.687978
0.701955
0.910872
0.088109
0.297443
0.179463
0.967432
0.659874
0.631702
0.586333
0.538143
0.000109
0.196269
0.815009
0.638743
0.786488
0.404413
0.760042
0.319514
0.340199
0.356298
0.340199
0.680967
0.431323
0.856782
0.687978
0.159489
0.150886
0.534929
0.223749
0.851058
0.375557
0.753315
0.398537
0.309508
0.008080
0.022675
0.524622
0.955720
0.701955
0.673945
0.760042
0.285477
0.766726
0.773363
0.773363
