0.422349
0.404413
0.949090
0.324601
0.265165
0.732903
0.324601
0.845248
0.989919
0.579380
0.437474
0.839356
0.350877
0.910872
0.645787
0.088109
0.150886
0.314483
0.398537
0.815009
0.404413
0.845248
0.481816
0.565535
0.705254
0.456208
0.112531
0.961834
0.488323
0.007361
0.105194
0.891559
0.624665
0.701955
0.753315
0.572447
0.319514
0.531367
0.375557
0.048718
0.955720
0.003336
0.121532
0.171598
0.225794
0.524622
0.112531
0.666913
0.600293
0.985553
0.235604
0.514742
0.839356
0.329745
0.386941
0.108254
0.565535
0.182726
0.732903
0.192809
0.093508
0.171598
0.174743
0.223749
0.375557
0.760042
0.309508
0.440730
0.173082
0.624665
0.638743
0.839356
0.680967
0.821206
0.821206
0.514742
0.833382
0.481816
0.753315
0.082990
0.833382
0.027324
0.386941
0.114725
0.475349
0.044332
0.428427
0.603608
0.456208
0.488323
0.247945
0.528168
0.127406
0.638743
0.746548
0.392713
0.329745
0.833382
0.000046
0.845248
