0.833382
0.896552
0.779952
0.910872
0.760042
0.673945
0.162447
0.701955
0.116956
0.760042
0.856782
0.961834
0.867958
0.013245
0.140030
0.494871
0.278663
0.827331
0.928349
0.494871
0.260777
0.614310
0.063139
0.029816
0.398537
0.701955
0.915418
0.524622
0.375557
0.760042
0.732903
0.766726
0.260777
0.932418
0.708915
0.271733
0.156577
0.501457
0.416320
0.739743
0.983870
0.156577
0.544950
0.225794
0.065784
0.524622
0.443672
0.511232
0.955720
0.856782
0.260777
0.786488
0.521438
0.216111
0.746548
0.779952
0.494871
0.645787
0.998300
0.314483
0.449917
0.356298
0.065784
0.026732
0.148107
0.511232
0.773363
0.199779
0.833382
0.239663
0.304589
0.988575
0.955720
0.845248
0.779952
0.600293
0.434555
0.219903
0.314483
0.265165
0.600293
0.544950
0.821206
0.558648
0.538143
0.181174
0.732903
0.081343
0.028545
0.227647
0.992290
0.256445
0.906211
0.186038
0.906211
0.827331
0.928349
0.060591
0.544950
0.541722
