0.340199
0.652832
0.304589
0.919848
0.364388
0.786488
0.544950
0.398537
0.586333
0.845248
0.475349
0.638743
0.319514
0.786488
0.013087
0.666913
0.410341
0.906211
0.375557
0.867958
0.369946
0.579380
0.906211
0.137423
0.600293
0.961834
0.572447
0.364388
0.111505
0.199779
0.593305
0.369946
0.196269
0.851058
0.915418
0.821206
0.176249
0.792968
0.964698
0.538143
0.324601
0.701955
0.031824
0.121532
0.162447
0.114725
0.839356
0.128687
0.991157
0.456208
0.468925
0.924159
0.760042
0.896552
0.106169
0.701955
0.481816
0.726032
0.481816
0.694975
0.075850
0.314483
0.055229
0.088109
0.398537
0.024229
0.867958
0.214332
0.901437
0.987120
0.494871
0.285477
0.964698
0.456208
0.652832
0.666913
0.579380
0.449917
0.290171
0.428427
0.666913
0.815009
0.481816
0.501457
0.329745
0.121532
0.206953
0.067143
0.839356
0.042491
0.799391
0.404413
0.739743
0.961834
0.773363
0.348045
0.023949
0.456208
0.544950
0.046710
