0.538143
0.142680
0.827331
0.084666
0.358886
0.719131
0.701955
0.586333
0.565535
0.425222
0.538143
0.508082
0.779952
0.398537
0.760042
0.645787
0.428427
0.456208
0.375557
0.631702
0.862416
0.494871
0.558648
0.572447
0.501457
0.856782
0.680967
0.528168
0.142680
0.845248
0.145372
0.290171
0.324601
0.673945
0.278663
0.299727
0.901437
0.233700
0.845248
0.283274
0.514742
0.081343
0.753315
0.428427
0.324601
0.462545
0.753315
0.243777
0.309508
0.048718
0.475349
0.494871
0.221921
0.186038
0.910872
0.141419
0.964698
0.428427
0.514742
0.176249
0.910872
0.283274
0.666913
0.091676
0.958842
0.196269
0.156577
0.494871
0.404413
0.901437
0.961834
0.961834
0.137423
0.645787
0.203341
0.680967
0.340199
0.239663
0.652832
0.278663
0.919848
0.287941
0.856782
0.712205
0.915418
0.283274
0.839356
0.901437
0.659874
0.739743
0.039021
0.862416
0.410341
0.955720
0.381222
0.753315
0.551785
0.093508
0.153709
0.269609
