0.579380
0.440730
0.514742
0.739743
0.302279
0.773363
0.659874
0.955720
0.815009
0.378532
0.508082
0.186038
0.565535
0.659874
0.260777
0.766726
0.833382
0.851058
0.440730
0.600293
0.901437
0.891559
0.340199
0.364388
0.666913
0.673945
0.107262
0.881257
0.659874
0.821206
0.345510
0.792968
0.680967
0.896552
0.998300
0.666913
0.386941
0.760042
0.156577
0.292664
0.524622
0.906211
0.732903
0.746548
0.398537
0.833382
0.059353
0.766726
0.019204
0.792968
0.494871
0.544950
0.952469
0.572447
0.739743
0.851058
0.119225
0.434555
0.886460
0.958842
0.891559
0.398537
0.319514
0.746548
0.104120
0.845248
0.891559
0.350877
0.572447
0.280840
0.404413
0.243777
0.138790
0.792968
0.410341
0.050806
0.631702
0.206953
0.659874
0.851058
0.652832
0.514742
0.235604
0.659874
0.358886
0.845248
0.260777
0.746548
0.596613
0.760042
0.299727
0.221921
0.265165
0.081343
0.260777
0.952469
0.970039
0.353438
0.936363
0.069940
