0.821206
0.766726
0.949090
0.739743
0.967432
0.827331
0.345510
0.659874
0.845248
0.851058
0.544950
0.345510
0.760042
0.779952
0.739743
0.827331
0.488323
0.839356
0.955720
0.851058
0.410341
0.659874
0.701955
0.624665
0.915418
0.404413
0.235604
0.638743
0.827331
0.586333
0.906211
0.821206
0.687978
0.058775
0.915418
0.936363
0.624665
0.680967
0.003179
0.659874
0.821206
0.961834
0.494871
0.186038
0.206953
0.645787
0.192809
0.708915
0.988575
0.631702
0.600293
0.056388
0.919848
0.799391
0.712205
0.586333
0.049752
0.659874
0.726032
0.991157
0.329745
0.449917
0.056388
0.739743
0.243777
0.708915
0.964698
0.386941
0.572447
0.906211
0.624665
0.624665
0.910872
0.239663
0.694975
0.398537
0.488323
0.972517
0.891559
0.488323
0.231599
0.851058
0.369946
0.910872
0.673945
0.239663
0.572447
0.739743
0.088109
0.715853
0.839356
0.398537
0.989919
0.475349
0.108254
0.645787
0.659874
0.572447
0.252167
0.666913
