0.779952
0.919848
0.304589
0.621335
0.998961
0.133656
0.283274
0.040722
0.873406
0.839356
0.128687
0.237734
0.386941
0.101163
0.652832
0.821206
0.538143
0.928349
0.915418
0.260777
0.237734
0.040722
0.398537
0.845248
0.896552
0.952469
0.910872
0.766726
0.544950
0.924159
0.967432
0.753315
0.218100
0.302279
0.150886
0.462545
0.680967
0.726032
0.896552
0.839356
0.970039
0.631702
0.579380
0.753315
0.544950
0.964698
0.867958
0.332201
0.967432
0.659874
0.340199
0.297443
0.247945
0.551785
0.919848
0.538143
0.821206
0.652832
0.972517
0.443672
0.680967
0.910872
0.375557
0.845248
0.786488
0.055775
0.048718
0.123878
0.416320
0.652832
0.058138
0.544950
0.867958
0.243777
0.356298
0.361775
0.386941
0.153709
0.488323
0.891559
0.732903
0.906211
0.572447
0.381222
0.970039
0.839356
0.891559
0.851058
0.924159
0.332201
0.000001
0.919848
0.494871
0.558648
0.166890
0.381222
0.443672
0.919848
0.039863
0.638743
