0.468925
0.392713
0.006704
0.121532
0.044778
0.511232
0.603608
0.808743
0.192809
0.024483
0.358886
0.431323
0.705254
0.005364
0.133656
0.434555
0.319514
0.314483
0.024483
0.705254
0.610616
0.705254
0.145372
0.078971
0.593305
0.468925
0.456208
0.659874
0.216111
0.265165
0.572447
0.076579
0.145372
0.419169
0.617636
0.001779
0.488323
0.101163
0.265165
0.712205
0.488323
0.267263
0.410341
0.701955
0.287941
0.839356
0.114725
0.274108
0.314483
0.033573
0.285477
0.698284
0.719131
0.001823
0.329745
0.101163
0.488323
0.511232
0.845248
0.219903
0.077396
0.694975
0.528168
0.833382
0.150886
0.501457
0.967432
0.210617
0.906211
0.501457
0.416320
0.009389
0.314483
0.025584
0.610616
0.276259
0.891559
0.002469
0.165451
0.214332
0.565535
0.624665
0.915418
0.219903
0.131151
0.773363
0.302279
0.652832
0.375557
0.501457
0.970039
0.265165
0.739743
0.600293
0.032520
0.009833
0.919848
0.392713
0.475349
0.283274
