0.891559
0.851058
0.600293
0.964698
0.265165
0.528168
0.229720
0.694975
0.680967
0.773363
0.434555
0.614310
0.600293
0.708915
0.153709
0.462545
0.199779
0.896552
0.233700
0.528168
0.422349
0.687978
0.181174
0.189398
0.462545
0.565535
0.065784
0.061853
0.000212
0.779952
0.833382
0.138790
0.297443
0.867958
0.786488
0.025319
0.088109
0.121532
0.089877
0.121532
0.517910
0.000150
0.593305
0.833382
0.049752
0.531367
0.666913
0.235604
0.468925
0.082206
0.534929
0.867958
0.867958
0.061253
0.011549
0.196269
0.086372
0.131151
0.603608
0.112531
0.779952
0.910872
0.112531
0.358886
0.572447
0.524622
0.572447
0.140030
0.309508
0.531367
0.079726
0.856782
0.753315
0.607295
0.534929
0.600293
0.928349
0.131151
0.119225
0.638743
0.112531
0.579380
0.082990
0.007894
0.501457
0.652832
0.456208
0.881257
0.565535
0.531367
0.468925
0.358886
0.652832
0.624665
0.002033
0.867958
0.746548
0.329745
0.437474
0.610616
