0.906211
0.773363
0.958842
0.802412
0.416320
0.544950
0.773363
0.910872
0.910872
0.867958
0.726032
0.970039
0.955720
0.404413
0.779952
0.353438
0.558648
0.531367
0.501457
0.531367
0.680967
0.845248
0.989919
0.128687
0.182726
0.196269
0.514742
0.673945
0.910872
0.501457
0.462545
0.586333
0.631702
0.314483
0.508082
0.961834
0.214332
0.285477
0.052975
0.514742
0.961834
0.955720
0.494871
0.786488
0.985553
0.475349
0.687978
0.456208
0.915418
0.766726
0.896552
0.252167
0.278663
0.833382
0.075850
0.891559
0.153709
0.607295
0.958842
0.958842
0.680967
0.694975
0.983870
0.319514
0.687978
0.732903
0.551785
0.719131
0.851058
0.456208
0.989919
0.218100
0.910872
0.851058
0.808743
0.915418
0.687978
0.833382
0.488323
0.375557
0.896552
0.614310
0.988575
0.551785
0.329745
0.428427
0.443672
0.845248
0.851058
0.988575
0.638743
0.235604
0.501457
0.449917
0.324601
0.593305
0.481816
0.680967
0.708915
0.051880
