0.462545
0.462545
0.104120
0.112531
0.131151
0.060591
0.839356
0.102105
0.952469
0.593305
0.216111
0.579380
0.212370
0.140030
0.964698
0.508082
0.579380
0.029816
0.148107
0.106169
0.919848
0.100125
0.239663
0.862416
0.607295
0.112531
0.494871
0.928349
0.617636
0.137423
0.145372
0.456208
0.235604
0.753315
0.025028
0.449917
0.873406
0.867958
0.049752
0.494871
0.572447
0.796018
0.425222
0.579380
0.821206
0.162447
0.792968
0.443672
0.196269
0.239663
0.299727
0.247945
0.061853
0.231599
0.878757
0.928349
0.449917
0.928349
0.673945
0.796018
0.425222
0.260777
0.833382
0.260777
0.607295
0.299727
0.361775
0.369946
0.987120
0.398537
0.290171
0.123878
0.833382
0.186038
0.949090
0.252167
0.276259
0.364388
0.936363
0.862416
0.732903
0.992290
0.572447
0.870551
0.437474
0.572447
0.462545
0.329745
0.283274
0.027928
0.287941
0.544950
0.827331
0.572447
0.294921
0.199779
0.896552
0.443672
0.076579
0.239663
