0.481816
0.617636
0.915418
0.961834
0.815009
0.915418
0.064449
0.047704
0.027928
0.517910
0.991157
0.906211
0.437474
0.009608
0.002621
0.475349
0.265165
0.896552
0.815009
0.833382
0.036592
0.007191
0.431323
0.045735
0.928349
0.112531
0.299727
0.348045
0.089877
0.150886
0.739743
0.958842
0.538143
0.142680
0.007361
0.137423
0.019408
0.867958
0.005624
0.638743
0.227647
0.203341
0.047704
0.524622
0.645787
0.431323
0.065784
0.252167
0.827331
0.901437
0.304589
0.437474
0.002033
0.060591
0.026732
0.970039
0.046710
0.153709
0.082990
0.196269
0.019846
0.802412
0.739743
0.431323
0.112531
0.462545
0.309508
0.144091
0.334944
0.987120
0.013697
0.760042
0.645787
0.906211
0.538143
0.531367
0.005364
0.137423
0.014333
0.579380
0.019408
0.739743
0.086372
0.739743
0.026152
0.712205
0.558648
0.517910
0.027928
0.746548
0.039863
0.621335
0.494871
0.896552
0.348045
0.915418
0.862416
0.867958
0.666913
0.140030
