0.936363
0.799391
0.952469
0.760042
0.867958
0.945583
0.392713
0.538143
0.475349
0.932418
0.952469
0.304589
0.150886
0.072841
0.766726
0.169963
0.114725
0.773363
0.928349
0.945583
0.392713
0.538143
0.041598
0.475349
0.186038
0.082990
0.005895
0.218100
0.915418
0.987120
0.862416
0.999417
0.881257
0.856782
0.227647
0.340199
0.011549
0.381222
0.064449
0.020750
0.334944
0.910872
0.815009
0.456208
0.206953
0.638743
0.404413
0.369946
0.701955
0.924159
0.176249
0.340199
0.705254
0.593305
0.112531
0.645787
0.020293
0.011288
0.410341
0.659874
0.364388
0.299727
0.324601
0.381222
0.324601
0.192809
0.381222
0.501457
0.386941
0.815009
0.687978
0.558648
0.701955
0.845248
0.280840
0.694975
0.001984
0.440730
0.223749
0.572447
0.064449
0.065784
0.168501
0.901437
0.952469
0.719131
0.579380
0.732903
0.404413
0.726032
0.304589
0.786488
0.203341
0.369946
0.586333
0.753315
0.910872
0.760042
0.579380
0.239663
