0.386941
0.203341
0.123878
0.851058
0.381222
0.165451
0.219903
0.746548
0.766726
0.753315
0.055229
0.078138
0.753315
0.666913
0.416320
0.551785
0.901437
0.845248
0.309508
0.159489
0.280840
0.666913
0.652832
0.128687
0.243777
0.210617
0.919848
0.514742
0.140030
0.210617
0.833382
0.659874
0.462545
0.239663
0.565535
0.256445
0.565535
0.243777
0.680967
0.856782
0.334944
0.364388
0.673945
0.687978
0.726032
0.276259
0.398537
0.821206
0.988575
0.659874
0.462545
0.148107
0.565535
0.906211
0.565535
0.638743
0.773363
0.494871
0.488323
0.369946
0.910872
0.694975
0.624665
0.285477
0.760042
0.821206
0.265165
0.243777
0.617636
0.988575
0.517910
0.404413
0.991157
0.551785
0.659874
0.145372
0.572447
0.386941
0.121532
0.827331
0.856782
0.766726
0.398537
0.462545
0.961834
0.687978
0.437474
0.290171
0.386941
0.955720
0.269609
0.821206
0.524622
0.551785
0.294921
0.579380
0.508082
0.381222
0.189398
0.851058
