0.045735
0.065784
0.182726
0.449917
0.079726
0.638743
0.635407
0.565535
0.746548
0.032152
0.538143
0.528168
0.481816
0.851058
0.392713
0.551785
0.955720
0.176249
0.104120
0.766726
0.356298
0.851058
0.673945
0.035052
0.404413
0.746548
0.035052
0.645787
0.381222
0.915418
0.179463
0.285477
0.410341
0.422349
0.753315
0.873406
0.018560
0.687978
0.645787
0.045735
0.652832
0.821206
0.970039
0.659874
0.572447
0.558648
0.077396
0.839356
0.000731
0.610616
0.410341
0.221921
0.753315
0.932418
0.176249
0.924159
0.910872
0.419169
0.958842
0.375557
0.919848
0.659874
0.773363
0.551785
0.133656
0.910872
0.235604
0.572447
0.739743
0.123878
0.712205
0.565535
0.176249
0.437474
0.680967
0.422349
0.833382
0.867958
0.176249
0.919848
0.753315
0.419169
0.739743
0.319514
0.845248
0.572447
0.833382
0.989919
0.174743
0.726032
0.638743
0.579380
0.652832
0.386941
0.182726
0.565535
0.434555
0.799391
0.061253
0.280840
