0.851058
0.235604
0.243777
0.802412
0.035052
0.572447
0.283274
0.521438
0.760042
0.231599
0.089877
0.687978
0.521438
0.088109
0.324601
0.292664
0.508082
0.753315
0.032152
0.340199
0.514742
0.446953
0.026732
0.274108
0.786488
0.274108
0.039863
0.274108
0.739743
0.732903
0.462545
0.100125
0.340199
0.766726
0.446953
0.002083
0.528168
0.867958
0.773363
0.031141
0.260777
0.314483
0.140030
0.252167
0.856782
0.044778
0.422349
0.508082
0.551785
0.078138
0.340199
0.851058
0.446953
0.060591
0.521438
0.694975
0.687978
0.031141
0.126262
0.093508
0.358886
0.475349
0.851058
0.280840
0.278663
0.221921
0.538143
0.617636
0.586333
0.624665
0.019408
0.481816
0.833382
0.010062
0.572447
0.600293
0.534929
0.102105
0.434555
0.600293
0.074331
0.680967
0.404413
0.153709
0.140030
0.203341
0.572447
0.407215
0.614310
0.133656
0.815009
0.617636
0.334944
0.235604
0.025584
0.012370
0.624665
0.088109
0.364388
0.873406
