0.839356
0.243777
0.821206
0.961834
0.705254
0.961834
0.014661
0.013389
0.967432
0.364388
0.821206
0.353438
0.045735
0.652832
0.593305
0.726032
0.631702
0.958842
0.808743
0.631702
0.002187
0.186038
0.961834
0.329745
0.732903
0.456208
0.468925
0.680967
0.967432
0.386941
0.915418
0.063139
0.896552
0.137423
0.231599
0.970039
0.324601
0.358886
0.839356
0.456208
0.265165
0.673945
0.673945
0.521438
0.453223
0.673945
0.746548
0.928349
0.544950
0.726032
0.443672
0.610616
0.231599
0.924159
0.565535
0.369946
0.760042
0.456208
0.265165
0.488323
0.766726
0.708915
0.302279
0.760042
0.652832
0.993324
0.271733
0.008663
0.565535
0.340199
0.815009
0.218100
0.638743
0.896552
0.227647
0.437474
0.142680
0.862416
0.468925
0.443672
0.967432
0.821206
0.481816
0.680967
0.579380
0.614310
0.446953
0.919848
0.906211
0.928349
0.007361
0.150886
0.319514
0.919848
0.645787
0.687978
0.106169
0.304589
0.514742
0.488323
