0.652832
0.732903
0.089877
0.666913
0.462545
0.123878
0.856782
0.013389
0.928349
0.538143
0.544950
0.694975
0.504591
0.732903
0.381222
0.796018
0.851058
0.437474
0.067143
0.680967
0.565535
0.035052
0.437474
0.961834
0.638743
0.624665
0.398537
0.071377
0.551785
0.617636
0.833382
0.086372
0.867958
0.753315
0.082990
0.624665
0.739743
0.299727
0.558648
0.404413
0.081343
0.659874
0.952469
0.645787
0.919848
0.060591
0.565535
0.694975
0.732903
0.039021
0.970039
0.988575
0.140030
0.719131
0.449917
0.375557
0.203341
0.214332
0.511232
0.839356
0.983870
0.739743
0.851058
0.280840
0.572447
0.593305
0.638743
0.462545
0.958842
0.334944
0.856782
0.779952
0.309508
0.038195
0.928349
0.821206
0.112531
0.186038
0.449917
0.462545
0.475349
0.075850
0.227647
0.746548
0.739743
0.827331
0.673945
0.342708
0.851058
0.340199
0.896552
0.645787
0.386941
0.404413
0.924159
0.600293
0.652832
0.726032
0.607295
0.617636
