0.481816
0.404413
0.593305
0.148107
0.221921
0.456208
0.910872
0.851058
0.856782
0.586333
0.845248
0.544950
0.475349
0.999213
0.856782
0.361775
0.579380
0.075850
0.422349
0.381222
0.989919
0.851058
0.961834
0.856782
0.245964
0.915418
0.851058
0.701955
0.079726
0.404413
0.101163
0.586333
0.196269
0.987120
0.856782
0.915418
0.593305
0.241822
0.964698
0.967432
0.600293
0.019846
0.673945
0.488323
0.802412
0.915418
0.329745
0.901437
0.319514
0.416320
0.462545
0.955720
0.919848
0.494871
0.919848
0.302279
0.572447
0.915418
0.701955
0.001536
0.586333
0.666913
0.610616
0.766726
0.666913
0.659874
0.808743
0.243777
0.075047
0.901437
0.319514
0.614310
0.488323
0.687978
0.544950
0.746548
0.992290
0.579380
0.919848
0.191187
0.910872
0.924159
0.508082
0.046710
0.680967
0.851058
0.182726
0.586333
0.919848
0.192809
0.896552
0.192809
0.000005
0.572447
0.475349
0.614310
0.231599
0.404413
0.998961
0.416320
