0.856782
0.961834
0.153709
0.043403
0.392713
0.932418
0.991157
0.779952
0.746548
0.192809
0.593305
0.928349
0.760042
0.565535
0.449917
0.833382
0.928349
0.093508
0.468925
0.932418
0.999213
0.694975
0.035815
0.999417
0.462545
0.928349
0.501457
0.746548
0.673945
0.107262
0.078971
0.375557
0.607295
0.987120
0.593305
0.142680
0.964698
0.652832
0.972517
0.786488
0.839356
0.572447
0.283274
0.891559
0.156577
0.192809
0.348045
0.041598
0.133656
0.186038
0.528168
0.739743
0.586333
0.364388
0.851058
0.652832
0.972517
0.862416
0.666913
0.666913
0.345510
0.821206
0.199779
0.067143
0.517910
0.055229
0.329745
0.766726
0.572447
0.684290
0.468925
0.123878
0.760042
0.116956
0.708915
0.955720
0.586333
0.531367
0.687978
0.906211
0.687978
0.687978
0.845248
0.260777
0.078971
0.958842
0.199779
0.015690
0.610616
0.206953
0.760042
0.494871
0.558648
0.337426
0.839356
0.121532
0.985553
0.269609
0.924159
0.205045
