0.324601
0.462545
0.645787
0.760042
0.150886
0.243777
0.488323
0.392713
0.687978
0.437474
0.260777
0.673945
0.199779
0.991157
0.766726
0.867958
0.544950
0.165451
0.732903
0.196269
0.392713
0.572447
0.851058
0.928349
0.967432
0.116956
0.732903
0.802412
0.964698
0.687978
0.247945
0.833382
0.645787
0.265165
0.488323
0.958842
0.694975
0.381222
0.247945
0.551785
0.949090
0.967432
0.845248
0.839356
0.856782
0.521438
0.192809
0.726032
0.572447
0.739743
0.468925
0.488323
0.673945
0.989919
0.972517
0.156577
0.544950
0.645787
0.808743
0.779952
0.572447
0.565535
0.586333
0.514742
0.462545
0.726032
0.375557
0.097269
0.091676
0.565535
0.827331
0.528168
0.910872
0.381222
0.314483
0.256445
0.862416
0.659874
0.932418
0.746548
0.375557
0.538143
0.808743
0.694975
0.924159
0.386941
0.340199
0.416320
0.319514
0.732903
0.067143
0.760042
0.116956
0.159489
0.398537
0.878757
0.886460
0.851058
0.189398
0.462545
