0.955720
0.901437
0.437474
0.766726
0.839356
0.544950
0.011288
0.000926
0.989919
0.645787
0.631702
0.068529
0.016590
0.739743
0.422349
0.348045
0.896552
0.949090
0.544950
0.739743
0.000421
0.032152
0.958842
0.043403
0.638743
0.173082
0.159489
0.614310
0.833382
0.645787
0.901437
0.235604
0.652832
0.039021
0.042019
0.680967
0.309508
0.638743
0.179463
0.162447
0.851058
0.468925
0.753315
0.856782
0.856782
0.538143
0.593305
0.862416
0.443672
0.375557
0.186038
0.196269
0.031463
0.856782
0.375557
0.896552
0.110374
0.074331
0.919848
0.468925
0.833382
0.687978
0.856782
0.235604
0.593305
0.586333
0.443672
0.153709
0.845248
0.666913
0.565535
0.799391
0.896552
0.538143
0.064449
0.247945
0.023949
0.593305
0.243777
0.896552
0.544950
0.159489
0.856782
0.252167
0.833382
0.856782
0.928349
0.808743
0.779952
0.168501
0.369946
0.192809
0.851058
0.392713
0.910872
0.528168
0.449917
0.410341
0.621335
0.189398
