0.488323
0.404413
0.856782
0.012370
0.600293
0.186038
0.607295
0.666913
0.229720
0.773363
0.680967
0.029816
0.694975
0.488323
0.156577
0.961834
0.239663
0.739743
0.628368
0.114725
0.786488
0.481816
0.123878
0.687978
0.064449
0.019846
0.156577
0.410341
0.773363
0.851058
0.766726
0.607295
0.381222
0.779952
0.833382
0.475349
0.579380
0.732903
0.102105
0.101163
0.845248
0.593305
0.856782
0.329745
0.701955
0.353438
0.856782
0.112531
0.673945
0.607295
0.381222
0.867958
0.988575
0.319514
0.579380
0.732903
0.132333
0.168501
0.572447
0.687978
0.494871
0.128687
0.514742
0.358886
0.392713
0.381222
0.067143
0.381222
0.462545
0.304589
0.708915
0.239663
0.579380
0.708915
0.089877
0.694975
0.833382
0.121532
0.851058
0.196269
0.013697
0.579380
0.252167
0.521438
0.494871
0.260777
0.701955
0.112531
0.652832
0.955720
0.726032
0.156577
0.468925
0.821206
0.621335
0.891559
0.919848
0.392713
0.334944
0.039021
