0.514742
0.428427
0.048718
0.494871
0.501457
0.538143
0.067143
0.746548
0.701955
0.174743
0.538143
0.815009
0.833382
0.786488
0.666913
0.558648
0.753315
0.404413
0.856782
0.290171
0.116956
0.659874
0.481816
0.687978
0.961834
0.538143
0.753315
0.419169
0.250160
0.252167
0.521438
0.989919
0.106169
0.746548
0.924159
0.572447
0.680967
0.760042
0.617636
0.901437
0.624665
0.184463
0.766726
0.924159
0.779952
0.416320
0.746548
0.786488
0.779952
0.845248
0.610616
0.309508
0.928349
0.666913
0.766726
0.579380
0.617636
0.901437
0.437474
0.440730
0.766726
0.851058
0.786488
0.171598
0.652832
0.786488
0.827331
0.488323
0.067143
0.915418
0.501457
0.060591
0.786488
0.666913
0.353438
0.746548
0.856782
0.845248
0.680967
0.856782
0.517910
0.827331
0.369946
0.521438
0.773363
0.915418
0.932418
0.779952
0.324601
0.924159
0.961834
0.324601
0.631702
0.851058
0.862416
0.504591
0.952469
0.565535
0.239663
0.531367
