0.949090
0.808743
0.766726
0.896552
0.304589
0.760042
0.314483
0.673945
0.766726
0.808743
0.970039
0.958842
0.666913
0.773363
0.100125
0.910872
0.961834
0.746548
0.314483
0.449917
0.514742
0.839356
0.145372
0.833382
0.952469
0.165451
0.687978
0.005895
0.867958
0.565535
0.223749
0.600293
0.381222
0.586333
0.964698
0.106169
0.739743
0.739743
0.766726
0.600293
0.010297
0.501457
0.247945
0.851058
0.856782
0.235604
0.753315
0.115895
0.110374
0.586333
0.652832
0.773363
0.666913
0.280840
0.753315
0.827331
0.851058
0.600293
0.013697
0.593305
0.309508
0.970039
0.773363
0.112531
0.392713
0.118146
0.128687
0.551785
0.694975
0.108254
0.779952
0.551785
0.419169
0.773363
0.247945
0.773363
0.404413
0.276259
0.906211
0.839356
0.766726
0.607295
0.007361
0.779952
0.827331
0.579380
0.779952
0.358886
0.839356
0.194624
0.404413
0.732903
0.701955
0.285477
0.501457
0.364388
0.919848
0.210617
0.494871
0.827331
