0.673945
0.252167
0.206953
0.494871
0.851058
0.501457
0.319514
0.437474
0.666913
0.214332
0.060002
0.071377
0.538143
0.760042
0.521438
0.746548
0.304589
0.910872
0.967432
0.203341
0.579380
0.544950
0.225794
0.766726
0.964698
0.192809
0.481816
0.309508
0.991157
0.719131
0.131151
0.304589
0.105194
0.659874
0.299727
0.701955
0.481816
0.565535
0.309508
0.265165
0.091676
0.915418
0.304589
0.517910
0.558648
0.521438
0.413167
0.652832
0.334944
0.039021
0.046246
0.565535
0.186038
0.440730
0.572447
0.475349
0.558648
0.265165
0.039021
0.398537
0.375557
0.353438
0.481816
0.287941
0.497986
0.659874
0.579380
0.462545
0.967432
0.839356
0.091676
0.666913
0.494871
0.016048
0.046246
0.565535
0.364388
0.528168
0.494871
0.833382
0.375557
0.600293
0.456208
0.760042
0.815009
0.431323
0.753315
0.428427
0.102105
0.165451
0.760042
0.468925
0.915418
0.659874
0.462545
0.314483
0.027324
0.022675
0.002241
0.145372
