0.792968
0.928349
0.494871
0.694975
0.915418
0.521438
0.404413
0.008663
0.919848
0.967432
0.593305
0.760042
0.004493
0.851058
0.906211
0.551785
0.673945
0.488323
0.508082
0.967432
0.278663
0.015340
0.961834
0.314483
0.988575
0.462545
0.381222
0.508082
0.392713
0.680967
0.715853
0.600293
0.833382
0.614310
0.060591
0.680967
0.896552
0.579380
0.719131
0.659874
0.856782
0.673945
0.687978
0.600293
0.572447
0.638743
0.392713
0.779952
0.932418
0.422349
0.314483
0.528168
0.034305
0.919848
0.746548
0.488323
0.624665
0.753315
0.924159
0.760042
0.694975
0.600293
0.659874
0.638743
0.666913
0.593305
0.256445
0.269609
0.915418
0.739743
0.369946
0.551785
0.867958
0.501457
0.910872
0.614310
0.045735
0.856782
0.468925
0.410341
0.712205
0.324601
0.856782
0.162447
0.779952
0.078971
0.760042
0.456208
0.915418
0.274108
0.256445
0.265165
0.659874
0.839356
0.538143
0.544950
0.732903
0.821206
0.565535
0.381222
