0.955720
0.999213
0.862416
0.659874
0.928349
0.851058
0.961834
0.544950
0.624665
0.680967
0.851058
0.910872
0.456208
0.468925
0.708915
0.726032
0.910872
0.961834
0.970039
0.851058
0.766726
0.624665
0.488323
0.508082
0.443672
0.392713
0.069940
0.290171
0.746548
0.110374
0.638743
0.856782
0.862416
0.666913
0.348045
0.428427
0.165451
0.891559
0.404413
0.182726
0.443672
0.475349
0.014011
0.231599
0.031141
0.862416
0.600293
0.970039
0.987120
0.862416
0.919848
0.766726
0.348045
0.694975
0.269609
0.949090
0.329745
0.358886
0.443672
0.659874
0.002887
0.285477
0.074331
0.593305
0.687978
0.687978
0.652832
0.265165
0.659874
0.915418
0.586333
0.381222
0.827331
0.694975
0.919848
0.915418
0.102105
0.621335
0.845248
0.309508
0.766726
0.437474
0.538143
0.638743
0.082990
0.110374
0.095372
0.345510
0.416320
0.488323
0.753315
0.214332
0.121532
0.565535
0.773363
0.746548
0.915418
0.739743
0.425222
0.468925
