0.068529
0.348045
0.928349
0.020750
0.468925
0.645787
0.924159
0.309508
0.468925
0.173082
0.970039
0.256445
0.456208
0.027324
0.624665
0.481816
0.329745
0.008867
0.760042
0.565535
0.386941
0.538143
0.231599
0.538143
0.673945
0.334944
0.398537
0.050806
0.666913
0.821206
0.000039
0.593305
0.381222
0.386941
0.732903
0.285477
0.196269
0.955720
0.521438
0.007713
0.924159
0.392713
0.839356
0.501457
0.856782
0.551785
0.019408
0.802412
0.000828
0.687978
0.309508
0.252167
0.739743
0.003030
0.091676
0.381222
0.521438
0.014333
0.572447
0.128687
0.839356
0.779952
0.851058
0.739743
0.047704
0.425222
0.726032
0.358886
0.416320
0.958842
0.600293
0.001426
0.037386
0.928349
0.827331
0.638743
0.475349
0.019408
0.906211
0.156577
0.873406
0.063139
0.659874
0.410341
0.314483
0.932418
0.579380
0.462545
0.045735
0.437474
0.369946
0.712205
0.600293
0.659874
0.501457
0.013389
0.845248
0.732903
0.140030
0.666913
