0.538143
0.468925
0.475349
0.449917
0.994262
0.551785
0.177934
0.001653
0.910872
0.468925
0.659874
0.593305
0.002469
0.958842
0.949090
0.851058
0.252167
0.456208
0.974869
0.304589
0.187800
0.005492
0.659874
0.746548
0.673945
0.260777
0.739743
0.294921
0.214332
0.753315
0.456208
0.915418
0.579380
0.045279
0.142680
0.558648
0.746548
0.416320
0.645787
0.659874
0.638743
0.468925
0.659874
0.694975
0.551785
0.019846
0.652832
0.760042
0.468925
0.915418
0.851058
0.214332
0.358886
0.746548
0.739743
0.687978
0.732903
0.964698
0.808743
0.256445
0.839356
0.694975
0.309508
0.014333
0.392713
0.162447
0.983870
0.156577
0.680967
0.219903
0.680967
0.369946
0.369946
0.481816
0.488323
0.043403
0.815009
0.468925
0.955720
0.593305
0.821206
0.851058
0.443672
0.833382
0.760042
0.416320
0.652832
0.061853
0.565535
0.666913
0.815009
0.468925
0.991157
0.437474
0.329745
0.294921
0.350877
0.247945
0.299727
0.910872
