0.766726
0.673945
0.839356
0.364388
0.851058
0.719131
0.726032
0.987120
0.544950
0.766726
0.299727
0.449917
0.726032
0.827331
0.572447
0.265165
0.329745
0.753315
0.901437
0.712205
0.827331
0.712205
0.659874
0.475349
0.446953
0.375557
0.239663
0.148107
0.060591
0.638743
0.928349
0.631702
0.375557
0.949090
0.551785
0.252167
0.558648
0.453223
0.091676
0.617636
0.089877
0.129849
0.638743
0.247945
0.398537
0.579380
0.760042
0.173082
0.586333
0.239663
0.449917
0.891559
0.652832
0.119225
0.753315
0.534929
0.022675
0.624665
0.243777
0.023949
0.955720
0.304589
0.324601
0.494871
0.652832
0.431323
0.732903
0.528168
0.827331
0.531367
0.901437
0.992290
0.494871
0.631702
0.088109
0.299727
0.952469
0.381222
0.319514
0.534929
0.247945
0.290171
0.145372
0.078138
0.987120
0.247945
0.206953
0.915418
0.964698
0.134857
0.462545
0.440730
0.827331
0.437474
0.746548
0.915418
0.358886
0.941949
0.673945
0.386941
