0.732903
0.551785
0.001216
0.906211
0.063139
0.565535
0.652832
0.353438
0.766726
0.044778
0.165451
0.324601
0.617636
0.142680
0.992290
0.558648
0.746548
0.624665
0.027324
0.833382
0.753315
0.358886
0.068529
0.845248
0.739743
0.524622
0.329745
0.475349
0.173082
0.329745
0.839356
0.064449
0.398537
0.739743
0.189398
0.065784
0.970039
0.821206
0.369946
0.404413
0.652832
0.132333
0.128687
0.422349
0.666913
0.558648
0.231599
0.416320
0.839356
0.047704
0.468925
0.746548
0.243777
0.011288
0.687978
0.896552
0.624665
0.673945
0.753315
0.497986
0.265165
0.218100
0.915418
0.732903
0.294921
0.856782
0.862416
0.011817
0.906211
0.919848
0.964698
0.719131
0.652832
0.021216
0.247945
0.243777
0.558648
0.294921
0.924159
0.821206
0.364388
0.410341
0.324601
0.267263
0.165451
0.133656
0.919848
0.449917
0.114725
0.924159
0.694975
0.192809
0.901437
0.673945
0.475349
0.551785
0.856782
0.659874
0.514742
0.398537
