0.443672
0.369946
0.910872
0.106169
0.910872
0.955720
0.845248
0.462545
0.998659
0.294921
0.468925
0.851058
0.381222
0.833382
0.786488
0.434555
0.061853
0.342708
0.915418
0.845248
0.958842
0.456208
0.919848
0.974869
0.041598
0.036592
0.481816
0.227647
0.075047
0.760042
0.456208
0.558648
0.398537
0.901437
0.299727
0.694975
0.694975
0.054091
0.280840
0.579380
0.110374
0.004880
0.994262
0.269609
0.799391
0.508082
0.593305
0.375557
0.089877
0.468925
0.203341
0.906211
0.638743
0.867958
0.786488
0.121532
0.176249
0.579380
0.060591
0.407215
0.779952
0.586333
0.440730
0.508082
0.779952
0.732903
0.375557
0.369946
0.862416
0.833382
0.600293
0.488323
0.239663
0.156577
0.475349
0.815009
0.392713
0.600293
0.867958
0.121532
0.176249
0.404413
0.280840
0.262849
0.508082
0.210617
0.528168
0.928349
0.600293
0.901437
0.726032
0.732903
0.593305
0.565535
0.593305
0.687978
0.404413
0.919848
0.906211
0.827331
