0.375557
0.052975
0.607295
0.551785
0.025882
0.586333
0.056388
0.924159
0.565535
0.392713
0.287941
0.659874
0.972517
0.501457
0.182726
0.026732
0.168501
0.018980
0.045279
0.206953
0.131151
0.999417
0.265165
0.182726
0.012370
0.046710
0.042491
0.121532
0.047704
0.851058
0.544950
0.101163
0.283274
0.481816
0.851058
0.029174
0.726032
0.119225
0.176249
0.218100
0.231599
0.069940
0.753315
0.425222
0.645787
0.392713
0.572447
0.760042
0.739743
0.416320
0.278663
0.572447
0.919848
0.051880
0.821206
0.006179
0.364388
0.218100
0.358886
0.091676
0.753315
0.079726
0.544950
0.481816
0.999213
0.579380
0.012947
0.319514
0.369946
0.558648
0.694975
0.687978
0.290171
0.701955
0.786488
0.760042
0.845248
0.011549
0.089877
0.003336
0.235604
0.766726
0.148107
0.239663
0.128687
0.104120
0.949090
0.210617
0.839356
0.488323
0.203341
0.845248
0.631702
0.192809
0.614310
0.673945
0.329745
0.437474
0.845248
0.243777
