0.579380
0.468925
0.199779
0.845248
0.156577
0.364388
0.572447
0.381222
0.614310
0.705254
0.475349
0.392713
0.196269
0.766726
0.928349
0.250160
0.732903
0.799391
0.153709
0.364388
0.265165
0.645787
0.967432
0.628368
0.521438
0.386941
0.449917
0.919848
0.269609
0.428427
0.475349
0.052975
0.631702
0.779952
0.381222
0.915418
0.534929
0.214332
0.319514
0.906211
0.924159
0.501457
0.680967
0.538143
0.680967
0.283274
0.766726
0.299727
0.579380
0.089877
0.189398
0.779952
0.659874
0.967432
0.534929
0.128687
0.468925
0.833382
0.928349
0.773363
0.862416
0.456208
0.586333
0.422349
0.856782
0.369946
0.773363
0.456208
0.652832
0.488323
0.475349
0.799391
0.839356
0.243777
0.067143
0.398537
0.659874
0.919848
0.453223
0.673945
0.468925
0.746548
0.928349
0.919848
0.687978
0.299727
0.680967
0.269609
0.514742
0.239663
0.334944
0.196269
0.386941
0.398537
0.210617
0.932418
0.901437
0.221921
0.231599
0.299727
