0.007535
0.004388
0.233700
0.014997
0.082206
0.410341
0.016967
0.701955
0.142680
0.168501
0.501457
0.032855
0.218100
0.468925
0.051880
0.294921
0.551785
0.036592
0.181174
0.069940
0.235604
0.659874
0.964698
0.189398
0.223749
0.779952
0.404413
0.014997
0.256445
0.544950
0.108254
0.361775
0.456208
0.294921
0.572447
0.964698
0.896552
0.176249
0.773363
0.600293
0.013389
0.128687
0.375557
0.039021
0.746548
0.148107
0.134857
0.422349
0.110374
0.356298
0.462545
0.186038
0.392713
0.673945
0.449917
0.353438
0.680967
0.779952
0.005239
0.165451
0.449917
0.052975
0.998961
0.050806
0.137423
0.174743
0.059353
0.565535
0.381222
0.760042
0.008663
0.324601
0.010781
0.111505
0.068529
0.299727
0.203341
0.324601
0.235604
0.186038
0.760042
0.600293
0.013697
0.210617
0.886460
0.247945
0.753315
0.086372
0.216111
0.229720
0.005239
0.558648
0.558648
0.753315
0.008663
0.165451
0.760042
0.112531
0.652832
0.381222
