0.901437
0.358886
0.712205
0.150886
0.631702
0.610616
0.314483
0.579380
0.949090
0.437474
0.425222
0.991157
0.398537
0.945583
0.538143
0.659874
0.203341
0.437474
0.638743
0.712205
0.078971
0.949090
0.235604
0.726032
0.501457
0.299727
0.003989
0.999213
0.952469
0.375557
0.364388
0.285477
0.309508
0.097269
0.955720
0.063139
0.551785
0.274108
0.216111
0.153709
0.906211
0.833382
0.290171
0.086372
0.915418
0.998961
0.992290
0.659874
0.638743
0.140030
0.153709
0.565535
0.987120
0.431323
0.732903
0.168501
0.596613
0.558648
0.901437
0.551785
0.531367
0.086372
0.760042
0.955720
0.919848
0.558648
0.517910
0.732903
0.645787
0.112531
0.565535
0.659874
0.901437
0.941949
0.148107
0.760042
0.955720
0.789564
0.746548
0.274108
0.032152
0.967432
0.901437
0.726032
0.949090
0.375557
0.753315
0.652832
0.766726
0.252167
0.425222
0.739743
0.726032
0.116956
0.071377
0.404413
0.099199
0.044778
0.148107
0.159489
