0.131151
0.198110
0.565535
0.579380
0.237734
0.766726
0.148107
0.815009
0.269609
0.312119
0.645787
0.189398
0.652832
0.766726
0.112531
0.024768
0.779952
0.792968
0.340199
0.867958
0.086372
0.952469
0.247945
0.910872
0.061253
0.851058
0.873406
0.773363
0.607295
0.624665
0.356298
0.260777
0.680967
0.116956
0.945583
0.243777
0.779952
0.508082
0.673945
0.680967
0.600293
0.501457
0.091676
0.652832
0.174743
0.958842
0.247945
0.462545
0.440730
0.398537
0.856782
0.069940
0.808743
0.182726
0.701955
0.687978
0.766726
0.687978
0.600293
0.773363
0.381222
0.753315
0.600293
0.652832
0.304589
0.309508
0.494871
0.779952
0.851058
0.802412
0.753315
0.171598
0.144091
0.652832
0.334944
0.659874
0.896552
0.182726
0.694975
0.278663
0.404413
0.786488
0.501457
0.694975
0.538143
0.845248
0.410341
0.760042
0.891559
0.839356
0.329745
0.786488
0.488323
0.705254
0.839356
0.099199
0.896552
0.294921
0.140030
0.392713
