0.906211
0.145372
0.687978
0.005758
0.375557
0.110374
0.159489
0.856782
0.617636
0.827331
0.004285
0.773363
0.910872
0.324601
0.269609
0.544950
0.082990
0.274108
0.247945
0.142680
0.243777
0.319514
0.928349
0.119225
0.227647
0.199779
0.773363
0.334944
0.666913
0.016048
0.915418
0.156577
0.025584
0.256445
0.116956
0.621335
0.203341
0.129849
0.572447
0.260777
0.422349
0.422349
0.021216
0.659874
0.915418
0.475349
0.910872
0.645787
0.967432
0.052975
0.035052
0.753315
0.304589
0.614310
0.468925
0.166890
0.324601
0.392713
0.593305
0.345510
0.004493
0.565535
0.666913
0.910872
0.910872
0.386941
0.381222
0.150886
0.607295
0.299727
0.189398
0.593305
0.988575
0.386941
0.140030
0.673945
0.456208
0.593305
0.991157
0.129849
0.488323
0.314483
0.422349
0.694975
0.007894
0.919848
0.760042
0.964698
0.753315
0.252167
0.827331
0.815009
0.792968
0.086372
0.114725
0.932418
0.687978
0.680967
0.652832
0.886460
