0.958842
0.955720
0.375557
0.501457
0.712205
0.350877
0.558648
0.652832
0.845248
0.949090
0.760042
0.572447
0.381222
0.915418
0.025028
0.162447
0.572447
0.243777
0.652832
0.404413
0.410341
0.802412
0.072841
0.443672
0.766726
0.746548
0.294921
0.565535
0.488323
0.572447
0.398537
0.652832
0.468925
0.862416
0.941949
0.071377
0.808743
0.779952
0.987120
0.299727
0.827331
0.666913
0.416320
0.283274
0.687978
0.987120
0.949090
0.233700
0.827331
0.386941
0.833382
0.974869
0.358886
0.004602
0.815009
0.593305
0.153709
0.375557
0.985553
0.760042
0.422349
0.221921
0.928349
0.833382
0.631702
0.233700
0.032520
0.873406
0.701955
0.456208
0.708915
0.093508
0.896552
0.304589
0.851058
0.928349
0.358886
0.022179
0.114725
0.422349
0.544950
0.192809
0.732903
0.910872
0.508082
0.062527
0.867958
0.833382
0.719131
0.440730
0.043403
0.708915
0.687978
0.652832
0.708915
0.375557
0.565535
0.985553
0.712205
0.856782
