0.006863
0.102105
0.856782
0.551785
0.231599
0.851058
0.544950
0.586333
0.705254
0.106169
0.514742
0.243777
0.572447
0.705254
0.910872
0.586333
0.353438
0.504591
0.551785
0.673945
0.645787
0.572447
0.891559
0.586333
0.821206
0.603608
0.021216
0.910872
0.808743
0.906211
0.056945
0.964698
0.494871
0.468925
0.833382
0.449917
0.488323
0.304589
0.617636
0.038195
0.760042
0.808743
0.901437
0.565535
0.726032
0.862416
0.999213
0.106169
0.076579
0.915418
0.680967
0.468925
0.739743
0.456208
0.666913
0.309508
0.808743
0.148107
0.753315
0.638743
0.833382
0.666913
0.732903
0.779952
0.998961
0.285477
0.766726
0.353438
0.280840
0.528168
0.773363
0.827331
0.058138
0.915418
0.214332
0.753315
0.544950
0.901437
0.475349
0.381222
0.624665
0.088109
0.572447
0.443672
0.645787
0.544950
0.988575
0.494871
0.839356
0.110374
0.579380
0.425222
0.186038
0.085560
0.964698
0.906211
0.952469
0.218100
0.247945
0.186038
