0.369946
0.119225
0.319514
0.952469
0.031141
0.719131
0.297443
0.694975
0.475349
0.153709
0.638743
0.416320
0.521438
0.398537
0.392713
0.369946
0.468925
0.839356
0.022179
0.821206
0.350877
0.410341
0.792968
0.304589
0.035815
0.915418
0.003625
0.732903
0.104120
0.269609
0.364388
0.329745
0.572447
0.792968
0.586333
0.967432
0.314483
0.046710
0.659874
0.010297
0.726032
0.106169
0.114725
0.243777
0.945583
0.247945
0.645787
0.025028
0.631702
0.579380
0.766726
0.786488
0.586333
0.673945
0.314483
0.223749
0.746548
0.045735
0.945583
0.179463
0.189398
0.089877
0.531367
0.247945
0.544950
0.033573
0.101163
0.456208
0.808743
0.666913
0.314483
0.162447
0.153709
0.475349
0.593305
0.221921
0.214332
0.673945
0.462545
0.431323
0.381222
0.078138
0.538143
0.223749
0.294921
0.659874
0.631702
0.088109
0.833382
0.000381
0.095372
0.203341
0.983870
0.375557
0.760042
0.488323
0.334944
0.159489
0.069940
0.194624
