0.475349
0.314483
0.186038
0.214332
0.881257
0.462545
0.369946
0.638743
0.753315
0.065784
0.949090
0.558648
0.551785
0.821206
0.517910
0.358886
0.481816
0.494871
0.802412
0.462545
0.449917
0.558648
0.719131
0.235604
0.243777
0.746548
0.572447
0.367306
0.481816
0.419169
0.558648
0.719131
0.179463
0.919848
0.544950
0.624665
0.239663
0.084666
0.481816
0.687978
0.878757
0.659874
0.132333
0.924159
0.862416
0.206953
0.392713
0.659874
0.475349
0.145372
0.108254
0.488323
0.732903
0.437474
0.148107
0.110374
0.126262
0.340199
0.521438
0.833382
0.223749
0.992290
0.867958
0.910872
0.915418
0.961834
0.398537
0.508082
0.044332
0.501457
0.364388
0.538143
0.475349
0.084666
0.235604
0.488323
0.538143
0.802412
0.544950
0.064449
0.162447
0.133656
0.434555
0.833382
0.271733
0.924159
0.862416
0.915418
0.666913
0.746548
0.488323
0.345510
0.131151
0.586333
0.294921
0.544950
0.856782
0.652832
0.348045
0.760042
