0.839356
0.579380
0.449917
0.964698
0.673945
0.054091
0.659874
0.544950
0.924159
0.579380
0.375557
0.746548
0.753315
0.243777
0.983870
0.753315
0.256445
0.991157
0.206953
0.095372
0.645787
0.821206
0.652832
0.645787
0.915418
0.247945
0.468925
0.179463
0.985553
0.572447
0.958842
0.381222
0.856782
0.827331
0.901437
0.294921
0.970039
0.673945
0.223749
0.845248
0.182726
0.468925
0.652832
0.009608
0.839356
0.274108
0.153709
0.462545
0.680967
0.739743
0.766726
0.299727
0.961834
0.538143
0.993324
0.404413
0.425222
0.845248
0.014997
0.739743
0.203341
0.075047
0.314483
0.494871
0.089877
0.252167
0.551785
0.779952
0.600293
0.192809
0.845248
0.065784
0.579380
0.827331
0.964698
0.456208
0.551785
0.638743
0.967432
0.766726
0.348045
0.967432
0.084666
0.827331
0.123878
0.042019
0.558648
0.494871
0.462545
0.314483
0.815009
0.514742
0.786488
0.631702
0.851058
0.065784
0.760042
0.475349
0.906211
0.952469
