0.481816
0.114725
0.049752
0.586333
0.061853
0.121532
0.501457
0.906211
0.456208
0.036592
0.186038
0.508082
0.475349
0.558648
0.544950
0.014661
0.739743
0.773363
0.005364
0.565535
0.694975
0.544950
0.631702
0.732903
0.189398
0.827331
0.082990
0.297443
0.106169
0.319514
0.760042
0.216111
0.856782
0.970039
0.375557
0.235604
0.726032
0.544950
0.544950
0.309508
0.428427
0.038195
0.985553
0.631702
0.970039
0.398537
0.488323
0.739743
0.481816
0.413167
0.680967
0.773363
0.456208
0.049752
0.443672
0.544950
0.239663
0.314483
0.278663
0.145372
0.955720
0.538143
0.924159
0.915418
0.766726
0.739743
0.017559
0.708915
0.851058
0.827331
0.369946
0.952469
0.839356
0.010297
0.593305
0.773363
0.456208
0.364388
0.290171
0.039863
0.235604
0.565535
0.174743
0.364388
0.821206
0.375557
0.851058
0.919848
0.851058
0.068529
0.265165
0.361775
0.666913
0.243777
0.544950
0.538143
0.856782
0.165451
0.645787
0.924159
