0.203341
0.002241
0.179463
0.299727
0.048718
0.196269
0.319514
0.042019
0.084666
0.001694
0.732903
0.910872
0.096266
0.443672
0.967432
0.078138
0.462545
0.294921
0.035815
0.243777
0.199779
0.016590
0.586333
0.050806
0.036592
0.247945
0.760042
0.299727
0.732903
0.456208
0.468925
0.081343
0.638743
0.192809
0.000973
0.694975
0.531367
0.108254
0.753315
0.906211
0.524622
0.449917
0.839356
0.210617
0.701955
0.334944
0.449917
0.003030
0.004493
0.886460
0.531367
0.189398
0.012793
0.786488
0.231599
0.064449
0.760042
0.833382
0.886460
0.891559
0.839356
0.919848
0.701955
0.334944
0.294921
0.002187
0.544950
0.796018
0.910872
0.416320
0.579380
0.773363
0.001157
0.375557
0.945583
0.631702
0.072067
0.862416
0.035815
0.538143
0.839356
0.746548
0.802412
0.821206
0.910872
0.970039
0.867958
0.779952
0.176249
0.008465
0.886460
0.443672
0.910872
0.593305
0.572447
0.856782
0.524622
0.278663
0.753315
0.974869
