0.386941
0.314483
0.579380
0.901437
0.666913
0.404413
0.815009
0.294921
0.150886
0.475349
0.766726
0.952469
0.524622
0.746548
0.579380
0.189398
0.531367
0.726032
0.551785
0.494871
0.524622
0.398537
0.150886
0.186038
0.456208
0.148107
0.446953
0.936363
0.839356
0.386941
0.955720
0.673945
0.252167
0.544950
0.462545
0.475349
0.437474
0.252167
0.299727
0.528168
0.932418
0.481816
0.468925
0.375557
0.906211
0.106169
0.462545
0.086372
0.719131
0.494871
0.558648
0.375557
0.544950
0.468925
0.443672
0.252167
0.631702
0.715853
0.932418
0.126262
0.192809
0.551785
0.827331
0.019408
0.558648
0.086372
0.851058
0.176249
0.137423
0.739743
0.392713
0.600293
0.739743
0.579380
0.659874
0.443672
0.988575
0.746548
0.048718
0.739743
0.551785
0.715853
0.862416
0.481816
0.462545
0.375557
0.544950
0.285477
0.247945
0.815009
0.928349
0.504591
0.517910
0.375557
0.481816
0.174743
0.701955
0.006326
0.319514
0.932418
