0.958842
0.901437
0.773363
0.773363
0.112531
0.361775
0.252167
0.586333
0.988575
0.624665
0.873406
0.845248
0.269609
0.278663
0.732903
0.827331
0.792968
0.680967
0.119225
0.428427
0.309508
0.508082
0.773363
0.726032
0.329745
0.361775
0.398537
0.833382
0.851058
0.851058
0.915418
0.252167
0.488323
0.680967
0.673945
0.694975
0.290171
0.174743
0.428427
0.206953
0.901437
0.607295
0.991157
0.919848
0.112531
0.219903
0.260777
0.116956
0.659874
0.252167
0.673945
0.334944
0.572447
0.786488
0.437474
0.501457
0.287941
0.565535
0.739743
0.600293
0.967432
0.992290
0.299727
0.219903
0.260777
0.029174
0.260777
0.862416
0.239663
0.886460
0.358886
0.256445
0.988575
0.398537
0.766726
0.214332
0.324601
0.214332
0.896552
0.773363
0.446953
0.753315
0.732903
0.799391
0.673945
0.659874
0.239663
0.227647
0.260777
0.148107
0.210617
0.867958
0.719131
0.531367
0.173082
0.334944
0.398537
0.194624
0.652832
0.773363
