0.867958
0.851058
0.989919
0.488323
0.659874
0.839356
0.617636
0.915418
0.386941
0.851058
0.906211
0.827331
0.739743
0.538143
0.786488
0.551785
0.243777
0.428427
0.551785
0.919848
0.589633
0.928349
0.150886
0.468925
0.544950
0.345510
0.786488
0.726032
0.786488
0.062527
0.256445
0.558648
0.961834
0.596613
0.779952
0.153709
0.481816
0.524622
0.019638
0.845248
0.958842
0.924159
0.074331
0.159489
0.544950
0.739743
0.666913
0.008465
0.862416
0.314483
0.753315
0.342708
0.856782
0.468925
0.475349
0.815009
0.026456
0.964698
0.746548
0.970039
0.056388
0.392713
0.299727
0.906211
0.915418
0.011288
0.845248
0.196269
0.121532
0.007361
0.239663
0.961834
0.867958
0.153709
0.961834
0.342708
0.856782
0.314483
0.753315
0.732903
0.221921
0.572447
0.910872
0.680967
0.031824
0.652832
0.148107
0.839356
0.989919
0.015340
0.839356
0.153709
0.386941
0.034305
0.186038
0.999417
0.936363
0.027928
0.607295
0.055229
