0.687978
0.851058
0.967432
0.732903
0.792968
0.985553
0.437474
0.013389
0.150886
0.856782
0.987120
0.815009
0.223749
0.017747
0.319514
0.551785
0.708915
0.375557
0.856782
0.712205
0.290171
0.013087
0.462545
0.808743
0.972517
0.065784
0.404413
0.425222
0.111505
0.329745
0.128687
0.856782
0.610616
0.353438
0.019408
0.294921
0.544950
0.928349
0.019846
0.565535
0.431323
0.094485
0.247945
0.919848
0.210617
0.901437
0.494871
0.025584
0.334944
0.851058
0.358886
0.179463
0.001102
0.086372
0.544950
0.928349
0.004085
0.121532
0.617636
0.070693
0.199779
0.967432
0.404413
0.985553
0.586333
0.081343
0.162447
0.182726
0.673945
0.862416
0.617636
0.600293
0.488323
0.967432
0.358886
0.276259
0.035815
0.088109
0.243777
0.856782
0.026152
0.121532
0.186038
0.090820
0.095372
0.999417
0.673945
0.732903
0.593305
0.014333
0.017559
0.182726
0.851058
0.924159
0.538143
0.862416
0.766726
0.307171
0.061853
0.558648
