0.862416
0.501457
0.069940
0.680967
0.766726
0.680967
0.746548
0.915418
0.999213
0.404413
0.856782
0.964698
0.987120
0.673945
0.453223
0.993324
0.910872
0.856782
0.739743
0.579380
0.919848
0.915418
0.970039
0.715853
0.924159
0.989919
0.593305
0.100125
0.600293
0.199779
0.851058
0.659874
0.760042
0.398537
0.915418
0.972517
0.715853
0.760042
0.760042
0.766726
0.137423
0.593305
0.652832
0.239663
0.278663
0.964698
0.786488
0.964698
0.919848
0.659874
0.992290
0.203341
0.766726
0.972517
0.708915
0.673945
0.839356
0.856782
0.079726
0.501457
0.558648
0.067143
0.278663
0.845248
0.422349
0.666913
0.666913
0.652832
0.071377
0.766726
0.766726
0.955720
0.680967
0.572447
0.961834
0.746548
0.779952
0.970039
0.528168
0.856782
0.955720
0.329745
0.014661
0.269609
0.839356
0.112531
0.283274
0.915418
0.428427
0.565535
0.924159
0.299727
0.319514
0.334944
0.845248
0.468925
0.025584
0.572447
0.011288
0.919848
