0.049752
0.600293
0.845248
0.680967
0.760042
0.928349
0.247945
0.514742
0.265165
0.673945
0.970039
0.753315
0.593305
0.862416
0.739743
0.099199
0.356298
0.638743
0.779952
0.265165
0.766726
0.694975
0.054091
0.422349
0.032520
0.967432
0.150886
0.802412
0.600293
0.386941
0.252167
0.992290
0.410341
0.494871
0.967432
0.645787
0.701955
0.572447
0.970039
0.052975
0.431323
0.694975
0.203341
0.856782
0.579380
0.494871
0.269609
0.462545
0.071377
0.992290
0.851058
0.687978
0.919848
0.544950
0.708915
0.572447
0.845248
0.095372
0.353438
0.350877
0.319514
0.856782
0.919848
0.572447
0.501457
0.544950
0.386941
0.799391
0.856782
0.153709
0.269609
0.558648
0.126262
0.845248
0.572447
0.428427
0.967432
0.985553
0.621335
0.329745
0.839356
0.392713
0.110374
0.345510
0.309508
0.600293
0.673945
0.673945
0.773363
0.732903
0.827331
0.614310
0.773363
0.833382
0.579380
0.753315
0.565535
0.989919
0.624665
0.000509
