0.610616
0.456208
0.340199
0.299727
0.210617
0.901437
0.915418
0.069940
0.988575
0.673945
0.901437
0.964698
0.091676
0.851058
0.862416
0.666913
0.673945
0.815009
0.269609
0.833382
0.919848
0.069940
0.991157
0.521438
0.538143
0.607295
0.833382
0.243777
0.638743
0.845248
0.511232
0.508082
0.961834
0.334944
0.145372
0.666913
0.225794
0.987120
0.786488
0.739743
0.239663
0.645787
0.652832
0.538143
0.235604
0.694975
0.802412
0.906211
0.815009
0.593305
0.753315
0.586333
0.086372
0.839356
0.063825
0.998300
0.701955
0.462545
0.369946
0.381222
0.462545
0.299727
0.369946
0.687978
0.617636
0.833382
0.324601
0.314483
0.551785
0.845248
0.364388
0.856782
0.891559
0.680967
0.845248
0.766726
0.036592
0.919848
0.422349
0.958842
0.701955
0.638743
0.952469
0.732903
0.314483
0.624665
0.369946
0.600293
0.358886
0.116956
0.398537
0.760042
0.732903
0.410341
0.808743
0.766726
0.572447
0.779952
0.108254
0.915418
