0.652832
0.645787
0.719131
0.910872
0.449917
0.617636
0.449917
0.488323
0.766726
0.150886
0.364388
0.808743
0.680967
0.821206
0.579380
0.091676
0.631702
0.631702
0.659874
0.413167
0.579380
0.488323
0.719131
0.181174
0.035815
0.004085
0.955720
0.528168
0.760042
0.114725
0.381222
0.456208
0.189398
0.760042
0.739743
0.617636
0.225794
0.443672
0.014661
0.833382
0.521438
0.579380
0.189398
0.425222
0.991157
0.340199
0.014333
0.247945
0.558648
0.726032
0.538143
0.673945
0.732903
0.886460
0.177934
0.290171
0.524622
0.906211
0.708915
0.324601
0.051880
0.603608
0.915418
0.033956
0.034305
0.247945
0.110374
0.746548
0.119225
0.093508
0.565535
0.162447
0.252167
0.896552
0.443672
0.494871
0.901437
0.808743
0.218100
0.112531
0.712205
0.753315
0.701955
0.398537
0.148107
0.945583
0.260777
0.018780
0.001462
0.468925
0.358886
0.652832
0.199779
0.247945
0.572447
0.481816
0.614310
0.182726
0.739743
0.614310
