0.304589
0.773363
0.364388
0.481816
0.116956
0.350877
0.285477
0.468925
0.150886
0.988575
0.314483
0.475349
0.182726
0.901437
0.508082
0.514742
0.779952
0.551785
0.182726
0.177934
0.538143
0.375557
0.097269
0.792968
0.786488
0.294921
0.886460
0.334944
0.481816
0.673945
0.839356
0.067143
0.269609
0.142680
0.910872
0.128687
0.514742
0.708915
0.137423
0.712205
0.600293
0.265165
0.334944
0.551785
0.856782
0.906211
0.449917
0.514742
0.089877
0.148107
0.404413
0.036592
0.645787
0.340199
0.867958
0.715853
0.223749
0.808743
0.345510
0.162447
0.060002
0.456208
0.928349
0.988575
0.631702
0.340199
0.652832
0.687978
0.524622
0.779952
0.558648
0.680967
0.851058
0.364388
0.334944
0.227647
0.645787
0.422349
0.773363
0.534929
0.108254
0.945583
0.687978
0.165451
0.218100
0.309508
0.773363
0.989919
0.631702
0.265165
0.097269
0.586333
0.142680
0.607295
0.462545
0.593305
0.673945
0.443672
0.026152
0.319514
