0.276259
0.369946
0.431323
0.870551
0.028545
0.511232
0.565535
0.839356
0.919848
0.137423
0.364388
0.551785
0.987120
0.225794
0.123878
0.821206
0.064449
0.348045
0.007535
0.802412
0.856782
0.766726
0.792968
0.025584
0.906211
0.140030
0.488323
0.851058
0.631702
0.324601
0.034305
0.084666
0.375557
0.666913
0.680967
0.600293
0.106169
0.645787
0.227647
0.494871
0.906211
0.314483
0.468925
0.856782
0.551785
0.631702
0.579380
0.104120
0.009833
0.182726
0.551785
0.845248
0.494871
0.340199
0.290171
0.732903
0.443672
0.680967
0.833382
0.314483
0.558648
0.851058
0.314483
0.239663
0.766726
0.060591
0.110374
0.156577
0.084666
0.091676
0.095372
0.416320
0.033573
0.802412
0.196269
0.961834
0.779952
0.131151
0.035052
0.456208
0.239663
0.856782
0.462545
0.256445
0.468925
0.766726
0.631702
0.827331
0.481816
0.001426
0.375557
0.462545
0.726032
0.551785
0.012370
0.924159
0.867958
0.565535
0.488323
0.624665
