0.915418
0.773363
0.428427
0.386941
0.508082
0.203341
0.212370
0.514742
0.369946
0.614310
0.252167
0.014333
0.404413
0.235604
0.256445
0.760042
0.924159
0.558648
0.428427
0.252167
0.104120
0.410341
0.631702
0.732903
0.851058
0.645787
0.915418
0.260777
0.638743
0.071377
0.673945
0.614310
0.462545
0.060591
0.274108
0.231599
0.475349
0.856782
0.638743
0.906211
0.210617
0.891559
0.329745
0.165451
0.443672
0.600293
0.659874
0.886460
0.766726
0.440730
0.544950
0.026732
0.851058
0.443672
0.851058
0.773363
0.726032
0.739743
0.410341
0.638743
0.398537
0.410341
0.531367
0.508082
0.558648
0.983870
0.572447
0.123878
0.276259
0.002685
0.481816
0.046246
0.967432
0.181174
0.726032
0.014661
0.260777
0.049752
0.760042
0.967432
0.538143
0.906211
0.481816
0.638743
0.964698
0.126262
0.815009
0.345510
0.029816
0.462545
0.260777
0.659874
0.216111
0.003625
0.488323
0.136202
0.821206
0.565535
0.808743
0.309508
