0.462545
0.269609
0.851058
0.862416
0.760042
0.862416
0.839356
0.116956
0.475349
0.334944
0.779952
0.260777
0.020750
0.174743
0.375557
0.773363
0.425222
0.760042
0.915418
0.792968
0.142680
0.551785
0.614310
0.088109
0.196269
0.746548
0.078138
0.786488
0.896552
0.687978
0.839356
0.851058
0.607295
0.610616
0.381222
0.521438
0.065784
0.068529
0.386941
0.035815
0.970039
0.631702
0.514742
0.739743
0.833382
0.919848
0.375557
0.910872
0.845248
0.919848
0.350877
0.285477
0.309508
0.287941
0.086372
0.243777
0.150886
0.294921
0.970039
0.369946
0.600293
0.815009
0.915418
0.666913
0.369946
0.964698
0.726032
0.708915
0.673945
0.833382
0.494871
0.766726
0.404413
0.967432
0.792968
0.002187
0.381222
0.229720
0.364388
0.243777
0.732903
0.732903
0.856782
0.114725
0.862416
0.987120
0.910872
0.319514
0.381222
0.915418
0.086372
0.521438
0.586333
0.199779
0.773363
0.593305
0.329745
0.156577
0.896552
0.005492
