0.358886
0.901437
0.881257
0.381222
0.906211
0.148107
0.628368
0.057570
0.398537
0.987120
0.524622
0.453223
0.097269
0.501457
0.046710
0.862416
0.779952
0.610616
0.753315
0.156577
0.708915
0.045279
0.304589
0.531367
0.434555
0.773363
0.345510
0.208682
0.324601
0.358886
0.375557
0.010781
0.440730
0.203341
0.508082
0.265165
0.524622
0.521438
0.221921
0.410341
0.013697
0.392713
0.437474
0.524622
0.638743
0.334944
0.705254
0.753315
0.364388
0.431323
0.287941
0.071377
0.136202
0.766726
0.437474
0.799391
0.428427
0.773363
0.044778
0.746548
0.364388
0.712205
0.732903
0.165451
0.294921
0.906211
0.673945
0.766726
0.514742
0.196269
0.739743
0.833382
0.985553
0.886460
0.229720
0.054091
0.422349
0.919848
0.353438
0.528168
0.422349
0.579380
0.025584
0.468925
0.353438
0.364388
0.309508
0.269609
0.511232
0.753315
0.579380
0.128687
0.514742
0.022179
0.088109
0.991157
0.428427
0.233700
0.708915
0.766726
