0.501457
0.501457
0.955720
0.218100
0.766726
0.839356
0.687978
0.342708
0.501457
0.701955
0.659874
0.687978
0.137423
0.607295
0.287941
0.176249
0.701955
0.229720
0.958842
0.760042
0.256445
0.815009
0.446953
0.687978
0.106169
0.607295
0.367306
0.624665
0.638743
0.910872
0.586333
0.827331
0.915418
0.319514
0.901437
0.621335
0.410341
0.064449
0.428427
0.181174
0.294921
0.456208
0.462545
0.060591
0.760042
0.753315
0.891559
0.910872
0.687978
0.901437
0.760042
0.199779
0.833382
0.534929
0.579380
0.186038
0.701955
0.138790
0.808743
0.456208
0.150886
0.108254
0.964698
0.760042
0.631702
0.989919
0.845248
0.614310
0.760042
0.760042
0.694975
0.186038
0.687978
0.906211
0.488323
0.040722
0.256445
0.446953
0.680967
0.037386
0.600293
0.138790
0.631702
0.955720
0.065784
0.290171
0.673945
0.558648
0.726032
0.753315
0.579380
0.701955
0.760042
0.398537
0.856782
0.006035
0.168501
0.558648
0.652832
0.862416
