0.416320
0.462545
0.035815
0.016048
0.952469
0.000549
0.919848
0.271733
0.334944
0.095372
0.015690
0.021693
0.104120
0.910872
0.494871
0.280840
0.462545
0.680967
0.739743
0.001426
0.839356
0.140030
0.932418
0.375557
0.110374
0.827331
0.773363
0.462545
0.833382
0.645787
0.760042
0.732903
0.044778
0.192809
0.231599
0.867958
0.247945
0.140030
0.739743
0.779952
0.524622
0.468925
0.958842
0.171598
0.753315
0.069940
0.867958
0.252167
0.252167
0.958842
0.078138
0.304589
0.624665
0.701955
0.153709
0.046710
0.199779
0.586333
0.891559
0.468925
0.901437
0.416320
0.666913
0.008867
0.269609
0.481816
0.481816
0.227647
0.381222
0.075850
0.475349
0.839356
0.121532
0.572447
0.033573
0.192809
0.624665
0.593305
0.544950
0.182726
0.121532
0.260777
0.364388
0.964698
0.551785
0.786488
0.964698
0.462545
0.210617
0.256445
0.666913
0.285477
0.093508
0.329745
0.260777
0.906211
0.239663
0.958842
0.631702
0.659874
