0.726032
0.821206
0.673945
0.329745
0.821206
0.056388
0.862416
0.701955
0.970039
0.827331
0.680967
0.666913
0.422349
0.701955
0.285477
0.687978
0.988575
0.638743
0.760042
0.056388
0.924159
0.701955
0.827331
0.456208
0.845248
0.456208
0.468925
0.416320
0.753315
0.845248
0.645787
0.475349
0.607295
0.862416
0.856782
0.638743
0.839356
0.746548
0.538143
0.340199
0.462545
0.928349
0.121532
0.673945
0.873406
0.475349
0.746548
0.839356
0.299727
0.565535
0.501457
0.428427
0.773363
0.449917
0.964698
0.652832
0.538143
0.501457
0.069940
0.862416
0.071377
0.494871
0.586333
0.851058
0.739743
0.915418
0.309508
0.449917
0.572447
0.666913
0.631702
0.586333
0.732903
0.572447
0.593305
0.600293
0.501457
0.084666
0.851058
0.839356
0.617636
0.786488
0.091676
0.586333
0.481816
0.329745
0.265165
0.856782
0.901437
0.961834
0.247945
0.369946
0.659874
0.199779
0.833382
0.851058
0.324601
0.422349
0.924159
0.072841
