0.915418
0.851058
0.468925
0.760042
0.928349
0.381222
0.572447
0.701955
0.708915
0.833382
0.833382
0.760042
0.621335
0.878757
0.558648
0.216111
0.398537
0.760042
0.586333
0.666913
0.488323
0.607295
0.614310
0.084666
0.227647
0.932418
0.227647
0.815009
0.739743
0.142680
0.989919
0.687978
0.833382
0.329745
0.534929
0.356298
0.018560
0.182726
0.873406
0.407215
0.821206
0.659874
0.065784
0.398537
0.955720
0.468925
0.488323
0.955720
0.766726
0.416320
0.652832
0.398537
0.534929
0.283274
0.014011
0.008080
0.701955
0.407215
0.815009
0.324601
0.020750
0.961834
0.538143
0.565535
0.329745
0.896552
0.694975
0.572447
0.462545
0.003030
0.786488
0.023426
0.760042
0.501457
0.827331
0.673945
0.805752
0.416320
0.358886
0.035815
0.607295
0.169963
0.364388
0.481816
0.114725
0.833382
0.631702
0.666913
0.673945
0.985553
0.680967
0.915418
0.906211
0.020293
0.334944
0.058138
0.256445
0.932418
0.719131
0.112531
