0.475349
0.514742
0.475349
0.732903
0.260777
0.856782
0.229720
0.666913
0.517910
0.422349
0.456208
0.521438
0.856782
0.235604
0.746548
0.955720
0.746548
0.845248
0.319514
0.514742
0.404413
0.766726
0.815009
0.901437
0.833382
0.558648
0.652832
0.958842
0.932418
0.896552
0.260777
0.468925
0.593305
0.572447
0.022675
0.999417
0.815009
0.760042
0.256445
0.449917
0.964698
0.786488
0.712205
0.114725
0.732903
0.808743
0.078971
0.919848
0.680967
0.565535
0.593305
0.760042
0.054091
0.915418
0.891559
0.999213
0.398537
0.815009
0.910872
0.607295
0.712205
0.148107
0.955720
0.531367
0.078971
0.967432
0.600293
0.119225
0.915418
0.551785
0.079726
0.265165
0.687978
0.314483
0.218100
0.915418
0.309508
0.666913
0.827331
0.999213
0.475349
0.456208
0.961834
0.428427
0.808743
0.047704
0.753315
0.617636
0.600293
0.673945
0.514742
0.544950
0.915418
0.989919
0.025028
0.494871
0.839356
0.481816
0.501457
0.392713
