0.419169
0.952469
0.760042
0.309508
0.565535
0.494871
0.910872
0.955720
0.084666
0.753315
0.910872
0.924159
0.544950
0.468925
0.773363
0.666913
0.779952
0.189398
0.645787
0.521438
0.906211
0.955720
0.089877
0.508082
0.915418
0.404413
0.901437
0.701955
0.958842
0.586333
0.881257
0.766726
0.687978
0.955720
0.746548
0.314483
0.586333
0.851058
0.572447
0.544950
0.614310
0.462545
0.283274
0.881257
0.896552
0.029816
0.196269
0.521438
0.348045
0.673945
0.687978
0.827331
0.544950
0.659874
0.422349
0.404413
0.123878
0.309508
0.614310
0.150886
0.035452
0.227647
0.955720
0.022675
0.247945
0.694975
0.845248
0.915418
0.739743
0.970039
0.621335
0.687978
0.712205
0.398537
0.867958
0.821206
0.299727
0.845248
0.586333
0.501457
0.398537
0.901437
0.614310
0.544950
0.600293
0.449917
0.827331
0.196269
0.119225
0.593305
0.488323
0.961834
0.565535
0.970039
0.708915
0.687978
0.896552
0.104120
0.018560
0.572447
