0.189398
0.150886
0.392713
0.398537
0.456208
0.199779
0.133656
0.176249
0.153709
0.182726
0.030472
0.446953
0.129849
0.437474
0.551785
0.773363
0.873406
0.256445
0.488323
0.375557
0.126262
0.112531
0.212370
0.501457
0.867958
0.680967
0.666913
0.235604
0.299727
0.392713
0.369946
0.203341
0.416320
0.159489
0.007025
0.881257
0.218100
0.792968
0.666913
0.579380
0.102105
0.565535
0.247945
0.294921
0.873406
0.631702
0.821206
0.621335
0.182726
0.210617
0.586333
0.123878
0.076579
0.517910
0.416320
0.792968
0.760042
0.839356
0.280840
0.827331
0.381222
0.239663
0.873406
0.631702
0.732903
0.528168
0.162447
0.024768
0.572447
0.247945
0.851058
0.901437
0.049752
0.165451
0.593305
0.468925
0.129849
0.524622
0.410341
0.932418
0.993324
0.760042
0.227647
0.746548
0.381222
0.544950
0.607295
0.437474
0.199779
0.350877
0.131151
0.265165
0.766726
0.381222
0.851058
0.827331
0.945583
0.915418
0.440730
0.924159
