0.350877
0.269609
0.593305
0.494871
0.746548
0.694975
0.162447
0.247945
0.055836
0.631702
0.422349
0.514742
0.084666
0.028251
0.915418
0.140030
0.481816
0.292664
0.906211
0.766726
0.030472
0.283274
0.334944
0.475349
0.148107
0.416320
0.247945
0.941949
0.919848
0.621335
0.607295
0.572447
0.488323
0.247945
0.287941
0.839356
0.398537
0.294921
0.680967
0.544950
0.881257
0.928349
0.446953
0.237734
0.760042
0.494871
0.839356
0.410341
0.694975
0.579380
0.579380
0.304589
0.361775
0.659874
0.845248
0.186038
0.694975
0.239663
0.886460
0.972517
0.446953
0.367306
0.475349
0.494871
0.753315
0.265165
0.901437
0.896552
0.196269
0.915418
0.369946
0.404413
0.274108
0.410341
0.760042
0.051880
0.187800
0.256445
0.989919
0.086372
0.673945
0.645787
0.285477
0.936363
0.446953
0.521438
0.314483
0.701955
0.565535
0.766726
0.739743
0.645787
0.304589
0.964698
0.116956
0.494871
0.839356
0.565535
0.600293
0.011549
