0.845248
0.928349
0.753315
0.901437
0.773363
0.126262
0.481816
0.309508
0.896552
0.701955
0.821206
0.045279
0.150886
0.760042
0.586333
0.572447
0.572447
0.915418
0.586333
0.126262
0.538143
0.410341
0.851058
0.673945
0.746548
0.915418
0.928349
0.919848
0.779952
0.517910
0.565535
0.586333
0.121532
0.531367
0.278663
0.779952
0.666913
0.558648
0.680967
0.919848
0.961834
0.680967
0.285477
0.955720
0.488323
0.061853
0.168501
0.319514
0.766726
0.773363
0.199779
0.538143
0.221921
0.687978
0.964698
0.901437
0.494871
0.766726
0.833382
0.593305
0.179463
0.638743
0.488323
0.035052
0.168501
0.565535
0.673945
0.392713
0.856782
0.687978
0.047704
0.203341
0.851058
0.673945
0.753315
0.145372
0.062527
0.687978
0.773363
0.652832
0.773363
0.851058
0.839356
0.928349
0.140030
0.732903
0.398537
0.176249
0.862416
0.162447
0.673945
0.252167
0.856782
0.687978
0.014661
0.659874
0.456208
0.319514
0.329745
0.521438
