0.924159
0.607295
0.680967
0.739743
0.799391
0.189398
0.114725
0.048718
0.964698
0.799391
0.760042
0.631702
0.060591
0.961834
0.799391
0.000013
0.309508
0.972517
0.792968
0.145372
0.027324
0.299727
0.572447
0.600293
0.003030
0.955720
0.521438
0.375557
0.593305
0.839356
0.856782
0.521438
0.802412
0.189398
0.375557
0.680967
0.586333
0.046710
0.955720
0.715853
0.443672
0.792968
0.375557
0.551785
0.091676
0.290171
0.350877
0.972517
0.856782
0.521438
0.511232
0.150886
0.051880
0.494871
0.924159
0.035052
0.645787
0.614310
0.189398
0.607295
0.008080
0.199779
0.119225
0.140030
0.514742
0.928349
0.309508
0.392713
0.404413
0.572447
0.839356
0.732903
0.340199
0.715853
0.413167
0.247945
0.638743
0.856782
0.501457
0.000008
0.468925
0.422349
0.631702
0.621335
0.084666
0.252167
0.381222
0.610616
0.701955
0.773363
0.119225
0.558648
0.680967
0.319514
0.386941
0.901437
0.773363
0.404413
0.924159
0.375557
