0.558648
0.815009
0.468925
0.919848
0.821206
0.494871
0.425222
0.481816
0.732903
0.192809
0.494871
0.726032
0.116956
0.856782
0.839356
0.171598
0.600293
0.891559
0.901437
0.514742
0.425222
0.565535
0.901437
0.845248
0.453223
0.851058
0.839356
0.025028
0.719131
0.114725
0.652832
0.983870
0.345510
0.712205
0.753315
0.845248
0.958842
0.378532
0.324601
0.294921
0.060591
0.624665
0.468925
0.243777
0.088109
0.680967
0.600293
0.719131
0.746548
0.624665
0.422349
0.719131
0.398537
0.659874
0.833382
0.372892
0.210617
0.624665
0.104120
0.063139
0.915418
0.239663
0.456208
0.334944
0.694975
0.719131
0.955720
0.924159
0.673945
0.381222
0.845248
0.652832
0.252167
0.538143
0.593305
0.235604
0.159489
0.839356
0.558648
0.302279
0.964698
0.235604
0.005364
0.112531
0.839356
0.189398
0.462545
0.673945
0.701955
0.443672
0.309508
0.856782
0.324601
0.659874
0.964698
0.468925
0.042921
0.025028
0.964698
0.600293
