0.107262
0.260777
0.462545
0.156577
0.760042
0.364388
0.367306
0.494871
0.060002
0.851058
0.726032
0.287941
0.766726
0.652832
0.875953
0.708915
0.687978
0.593305
0.833382
0.243777
0.367306
0.398537
0.086372
0.732903
0.245964
0.579380
0.521438
0.645787
0.072841
0.952469
0.422349
0.638743
0.404413
0.278663
0.075850
0.088109
0.319514
0.628368
0.766726
0.422349
0.659874
0.002655
0.952469
0.821206
0.753315
0.105194
0.638743
0.358886
0.680967
0.998659
0.404413
0.593305
0.851058
0.437474
0.766726
0.635407
0.766726
0.416320
0.760042
0.398537
0.985553
0.544950
0.839356
0.168501
0.833382
0.231599
0.189398
0.839356
0.760042
0.867958
0.851058
0.645787
0.334944
0.901437
0.214332
0.410341
0.851058
0.719131
0.915418
0.446953
0.924159
0.269609
0.481816
0.398537
0.719131
0.468925
0.558648
0.274108
0.955720
0.358886
0.051880
0.753315
0.915418
0.779952
0.673945
0.652832
0.910872
0.494871
0.607295
0.481816
