0.827331
0.839356
0.304589
0.386941
0.392713
0.112531
0.970039
0.901437
0.551785
0.551785
0.235604
0.701955
0.544950
0.833382
0.572447
0.910872
0.621335
0.579380
0.666913
0.140030
0.915418
0.766726
0.137423
0.792968
0.773363
0.428427
0.350877
0.833382
0.156577
0.659874
0.462545
0.319514
0.462545
0.988575
0.746548
0.456208
0.867958
0.278663
0.422349
0.177934
0.746548
0.462545
0.381222
0.645787
0.878757
0.342708
0.511232
0.694975
0.839356
0.753315
0.375557
0.252167
0.645787
0.732903
0.932418
0.107262
0.422349
0.600293
0.659874
0.449917
0.314483
0.199779
0.715853
0.216111
0.796018
0.600293
0.915418
0.508082
0.462545
0.137423
0.985553
0.544950
0.468925
0.839356
0.309508
0.091676
0.833382
0.544950
0.974869
0.269609
0.434555
0.607295
0.845248
0.638743
0.093508
0.319514
0.607295
0.348045
0.137423
0.701955
0.760042
0.779952
0.652832
0.026152
0.375557
0.068529
0.896552
0.565535
0.378532
0.572447
