0.833382
0.967432
0.299727
0.910872
0.753315
0.652832
0.856782
0.875953
0.544950
0.481816
0.304589
0.873406
0.603608
0.945583
0.961834
0.538143
0.760042
0.845248
0.631702
0.856782
0.753315
0.941949
0.739743
0.998300
0.760042
0.901437
0.329745
0.972517
0.453223
0.235604
0.673945
0.524622
0.786488
0.746548
0.231599
0.462545
0.958842
0.375557
0.475349
0.058775
0.786488
0.372892
0.443672
0.915418
0.666913
0.364388
0.334944
0.572447
0.319514
0.524622
0.856782
0.456208
0.369946
0.375557
0.999213
0.243777
0.203341
0.058775
0.932418
0.237734
0.449917
0.851058
0.845248
0.617636
0.779952
0.206953
0.456208
0.955720
0.378532
0.031141
0.179463
0.162447
0.481816
0.449917
0.924159
0.456208
0.712205
0.906211
0.839356
0.116956
0.475349
0.265165
0.792968
0.534929
0.235604
0.992290
0.666913
0.941949
0.779952
0.091676
0.558648
0.739743
0.378532
0.119225
0.086372
0.398537
0.361775
0.312119
0.708915
0.652832
