0.989919
0.851058
0.680967
0.558648
0.680967
0.329745
0.638743
0.247945
0.534929
0.586333
0.329745
0.808743
0.314483
0.446953
0.431323
0.488323
0.659874
0.915418
0.600293
0.398537
0.659874
0.123878
0.708915
0.294921
0.319514
0.993324
0.314483
0.617636
0.269609
0.309508
0.488323
0.680967
0.375557
0.773363
0.488323
0.265165
0.369946
0.488323
0.993324
0.089877
0.299727
0.586333
0.896552
0.123878
0.285477
0.873406
0.252167
0.446953
0.329745
0.924159
0.375557
0.773363
0.572447
0.214332
0.299727
0.475349
0.687978
0.314483
0.631702
0.329745
0.645787
0.121532
0.290171
0.936363
0.159489
0.302279
0.773363
0.168501
0.565535
0.551785
0.097269
0.045735
0.398537
0.773363
0.544950
0.851058
0.579380
0.673945
0.369946
0.162447
0.586333
0.319514
0.189398
0.572447
0.645787
0.381222
0.369946
0.936363
0.833382
0.297443
0.851058
0.269609
0.093508
0.252167
0.732903
0.027324
0.786488
0.437474
0.087282
0.148107
