0.600293
0.350877
0.719131
0.392713
0.475349
0.304589
0.993324
0.260777
0.558648
0.199779
0.572447
0.833382
0.319514
0.110374
0.851058
0.265165
0.722767
0.514742
0.551785
0.309508
0.833382
0.501457
0.443672
0.851058
0.680967
0.307171
0.538143
0.203341
0.586333
0.299727
0.600293
0.093508
0.304589
0.821206
0.579380
0.551785
0.475349
0.521438
0.534929
0.538143
0.481816
0.196269
0.739743
0.851058
0.199779
0.991157
0.032152
0.350877
0.416320
0.071377
0.089877
0.235604
0.404413
0.558648
0.659874
0.708915
0.534929
0.449917
0.381222
0.097269
0.299727
0.773363
0.833382
0.991157
0.007025
0.278663
0.910872
0.084666
0.614310
0.949090
0.631702
0.252167
0.356298
0.952469
0.732903
0.375557
0.488323
0.309508
0.666913
0.799391
0.621335
0.239663
0.565535
0.572447
0.243777
0.494871
0.309508
0.652832
0.596613
0.214332
0.199779
0.192809
0.614310
0.290171
0.739743
0.551785
0.501457
0.278663
0.659874
0.992290
