0.624665
0.353438
0.779952
0.137423
0.906211
0.558648
0.915418
0.680967
0.058138
0.964698
0.845248
0.162447
0.845248
0.114725
0.375557
0.856782
0.004184
0.145372
0.915418
0.551785
0.851058
0.049752
0.600293
0.381222
0.565535
0.114725
0.404413
0.746548
0.398537
0.106169
0.020293
0.992290
0.381222
0.845248
0.369946
0.773363
0.565535
0.760042
0.299727
0.340199
0.726032
0.398537
0.140030
0.638743
0.617636
0.475349
0.302279
0.131151
0.299727
0.999581
0.309508
0.760042
0.148107
0.851058
0.766726
0.746548
0.189398
0.416320
0.815009
0.760042
0.026732
0.186038
0.891559
0.659874
0.297443
0.103161
0.511232
0.225794
0.475349
0.324601
0.227647
0.381222
0.624665
0.919848
0.314483
0.666913
0.189398
0.773363
0.481816
0.833382
0.006179
0.171598
0.631702
0.845248
0.179463
0.038195
0.886460
0.659874
0.372892
0.003944
0.137423
0.614310
0.386941
0.967432
0.227647
0.558648
0.003499
0.732903
0.779952
0.666913
