0.353438
0.299727
0.617636
0.652832
0.189398
0.753315
0.449917
0.970039
0.140030
0.381222
0.538143
0.091676
0.565535
0.983870
0.140030
0.766726
0.579380
0.544950
0.142680
0.915418
0.551785
0.666913
0.114725
0.624665
0.404413
0.324601
0.103161
0.910872
0.332201
0.156577
0.227647
0.304589
0.324601
0.239663
0.760042
0.239663
0.719131
0.410341
0.572447
0.075850
0.645787
0.299727
0.369946
0.753315
0.494871
0.985553
0.014661
0.565535
0.227647
0.732903
0.760042
0.069940
0.964698
0.624665
0.726032
0.494871
0.760042
0.165451
0.551785
0.538143
0.239663
0.833382
0.687978
0.901437
0.019408
0.579380
0.766726
0.067143
0.617636
0.614310
0.779952
0.786488
0.223749
0.726032
0.760042
0.065784
0.753315
0.456208
0.551785
0.659874
0.593305
0.260777
0.901437
0.116956
0.449917
0.319514
0.410341
0.896552
0.140030
0.964698
0.128687
0.050806
0.524622
0.614310
0.673945
0.593305
0.558648
0.358886
0.116956
0.179463
