0.753315
0.896552
0.010536
0.544950
0.037386
0.108254
0.586333
0.999213
0.666913
0.142680
0.531367
0.468925
0.992290
0.558648
0.833382
0.309508
0.967432
0.833382
0.002296
0.705254
0.600293
0.998961
0.551785
0.551785
0.910872
0.494871
0.726032
0.851058
0.034305
0.501457
0.381222
0.517910
0.456208
0.851058
0.919848
0.290171
0.989919
0.964698
0.673945
0.808743
0.572447
0.020293
0.851058
0.726032
0.851058
0.906211
0.845248
0.760042
0.551785
0.796018
0.381222
0.334944
0.919848
0.084666
0.988575
0.964698
0.851058
0.719131
0.468925
0.014661
0.972517
0.294921
0.970039
0.958842
0.964698
0.659874
0.364388
0.069940
0.753315
0.910872
0.572447
0.132333
0.833382
0.182726
0.544950
0.964698
0.680967
0.610616
0.386941
0.488323
0.989919
0.732903
0.386941
0.005758
0.687978
0.364388
0.967432
0.839356
0.760042
0.659874
0.726032
0.309508
0.753315
0.839356
0.565535
0.003895
0.753315
0.054091
0.462545
0.600293
