0.029816
0.022179
0.334944
0.260777
0.760042
0.680967
0.126262
0.970039
0.068529
0.964698
0.265165
0.659874
0.970039
0.488323
0.593305
0.773363
0.746548
0.437474
0.579380
0.862416
0.126262
0.964698
0.766726
0.972517
0.760042
0.985553
0.392713
0.873406
0.999213
0.294921
0.833382
0.593305
0.862416
0.199779
0.915418
0.964698
0.851058
0.256445
0.952469
0.126262
0.786488
0.985553
0.652832
0.179463
0.186038
0.967432
0.739743
0.617636
0.726032
0.687978
0.416320
0.196269
0.579380
0.991157
0.666913
0.210617
0.821206
0.159489
0.514742
0.998659
0.386941
0.035815
0.084666
0.851058
0.119225
0.719131
0.104120
0.732903
0.827331
0.381222
0.269609
0.694975
0.153709
0.600293
0.680967
0.833382
0.488323
0.760042
0.572447
0.095372
0.544950
0.206953
0.786488
0.239663
0.989919
0.110374
0.231599
0.845248
0.739743
0.026732
0.137423
0.808743
0.808743
0.827331
0.283274
0.932418
0.093508
0.025028
0.481816
0.766726
