0.018780
0.002352
0.708915
0.378532
0.007894
0.453223
0.558648
0.449917
0.378532
0.002352
0.614310
0.845248
0.551785
0.779952
0.856782
0.521438
0.919848
0.007452
0.392713
0.607295
0.235604
0.687978
0.851058
0.873406
0.786488
0.760042
0.652832
0.792968
0.475349
0.428427
0.033956
0.475349
0.422349
0.299727
0.428427
0.746548
0.521438
0.786488
0.319514
0.324601
0.528168
0.364388
0.528168
0.645787
0.833382
0.544950
0.779952
0.779952
0.410341
0.386941
0.283274
0.538143
0.428427
0.833382
0.708915
0.792968
0.392713
0.845248
0.621335
0.624665
0.528168
0.652832
0.988575
0.309508
0.786488
0.694975
0.501457
0.369946
0.133656
0.919848
0.856782
0.906211
0.329745
0.074331
0.514742
0.732903
0.514742
0.988575
0.867958
0.356298
0.475349
0.666913
0.708915
0.617636
0.446953
0.906211
0.989919
0.638743
0.687978
0.779952
0.105194
0.732903
0.481816
0.970039
0.856782
0.746548
0.419169
0.297443
0.839356
0.856782
