0.003625
0.000164
0.680967
0.137423
0.021216
0.645787
0.915418
0.481816
0.116956
0.000257
0.851058
0.659874
0.760042
0.381222
0.991157
0.955720
0.541722
0.182726
0.021216
0.565535
0.659874
0.142680
0.521438
0.243777
0.600293
0.434555
0.047704
0.891559
0.753315
0.428427
0.094387
0.565535
0.680967
0.324601
0.186038
0.687978
0.544950
0.361775
0.779952
0.364388
0.886460
0.652832
0.398537
0.381222
0.404413
0.517910
0.999213
0.243777
0.054627
0.565535
0.779952
0.072841
0.182726
0.593305
0.645787
0.708915
0.600293
0.294921
0.299727
0.955720
0.666913
0.955720
0.579380
0.231599
0.988575
0.235604
0.184463
0.666913
0.337426
0.150886
0.614310
0.252167
0.000088
0.845248
0.680967
0.475349
0.437474
0.862416
0.821206
0.621335
0.867958
0.348045
0.381222
0.558648
0.252167
0.558648
0.779952
0.035052
0.915418
0.449917
0.184463
0.915418
0.419169
0.243777
0.514742
0.753315
0.462545
0.119225
0.404413
0.000986
