0.631702
0.919848
0.137423
0.958842
0.265165
0.638743
0.915418
0.392713
0.624665
0.475349
0.821206
0.773363
0.964698
0.821206
0.753315
0.475349
0.294921
0.955720
0.114725
0.919848
0.766726
0.558648
0.891559
0.481816
0.091676
0.906211
0.862416
0.992290
0.182726
0.381222
0.652832
0.186038
0.760042
0.924159
0.827331
0.891559
0.410341
0.375557
0.961834
0.422349
0.746548
0.739743
0.381222
0.983870
0.827331
0.528168
0.304589
0.243777
0.119225
0.186038
0.398537
0.967432
0.739743
0.945583
0.214332
0.189398
0.991157
0.416320
0.475349
0.821206
0.638743
0.544950
0.952469
0.440730
0.309508
0.192809
0.856782
0.967432
0.856782
0.631702
0.010062
0.851058
0.659874
0.235604
0.766726
0.967432
0.987120
0.886460
0.494871
0.050806
0.572447
0.680967
0.123878
0.638743
0.821206
0.153709
0.462545
0.621335
0.381222
0.294921
0.404413
0.928349
0.494871
0.726032
0.132333
0.919848
0.600293
0.531367
0.621335
0.462545
