0.746548
0.314483
0.243777
0.179463
0.508082
0.294921
0.773363
0.029174
0.517910
0.786488
0.358886
0.928349
0.808743
0.247945
0.392713
0.265165
0.013550
0.065784
0.150886
0.673945
0.845248
0.051880
0.645787
0.203341
0.141419
0.063139
0.936363
0.792968
0.375557
0.106169
0.299727
0.119225
0.851058
0.839356
0.112531
0.392713
0.652832
0.138790
0.082990
0.792968
0.521438
0.369946
0.044778
0.694975
0.961834
0.021216
0.919848
0.958842
0.243777
0.199779
0.579380
0.746548
0.299727
0.468925
0.910872
0.080574
0.294921
0.708915
0.229720
0.369946
0.134857
0.508082
0.964698
0.089877
0.680967
0.839356
0.302279
0.227647
0.901437
0.060002
0.088109
0.928349
0.726032
0.252167
0.910872
0.256445
0.239663
0.732903
0.746548
0.062527
0.369946
0.862416
0.446953
0.443672
0.280840
0.786488
0.901437
0.011817
0.586333
0.468925
0.372892
0.082990
0.309508
0.044332
0.299727
0.856782
0.967432
0.645787
0.011288
0.958842
