0.256445
0.095372
0.299727
0.434555
0.739743
0.218100
0.694975
0.521438
0.896552
0.252167
0.572447
0.287941
0.508082
0.265165
0.494871
0.521438
0.283274
0.987120
0.652832
0.177934
0.862416
0.528168
0.896552
0.297443
0.278663
0.856782
0.404413
0.114725
0.701955
0.607295
0.906211
0.910872
0.274108
0.701955
0.278663
0.746548
0.361775
0.278663
0.680967
0.910872
0.203341
0.779952
0.422349
0.033573
0.051880
0.579380
0.494871
0.572447
0.652832
0.989919
0.501457
0.607295
0.508082
0.833382
0.356298
0.345510
0.501457
0.746548
0.123878
0.779952
0.600293
0.104120
0.089877
0.579380
0.494871
0.260777
0.936363
0.687978
0.972517
0.945583
0.572447
0.856782
0.468925
0.766726
0.131151
0.708915
0.422349
0.314483
0.292664
0.283274
0.766726
0.753315
0.023700
0.673945
0.878757
0.013087
0.247945
0.398537
0.410341
0.851058
0.434555
0.131151
0.972517
0.449917
0.999417
0.924159
0.064449
0.223749
0.006326
0.052975
