0.839356
0.821206
0.614310
0.760042
0.773363
0.614310
0.607295
0.514742
0.572447
0.961834
0.245964
0.494871
0.361775
0.004388
0.739743
0.544950
0.867958
0.964698
0.600293
0.607295
0.614310
0.586333
0.086372
0.624665
0.416320
0.057570
0.659874
0.265165
0.715853
0.760042
0.753315
0.521438
0.687978
0.534929
0.915418
0.189398
0.369946
0.779952
0.162447
0.410341
0.159489
0.936363
0.340199
0.023183
0.821206
0.114725
0.265165
0.088109
0.659874
0.701955
0.600293
0.528168
0.915418
0.186038
0.821206
0.928349
0.572447
0.334944
0.386941
0.873406
0.136202
0.159489
0.631702
0.192809
0.404413
0.304589
0.116956
0.974869
0.501457
0.163865
0.481816
0.839356
0.392713
0.600293
0.508082
0.372892
0.260777
0.142680
0.739743
0.862416
0.845248
0.673945
0.319514
0.416320
0.181174
0.119225
0.891559
0.833382
0.329745
0.051880
0.449917
0.873406
0.265165
0.413167
0.845248
0.753315
0.867958
0.964698
0.531367
0.369946
