0.673945
0.593305
0.673945
0.416320
0.579380
0.237734
0.446953
0.766726
0.340199
0.579380
0.873406
0.312119
0.398537
0.356298
0.614310
0.159489
0.189398
0.760042
0.475349
0.453223
0.446953
0.579380
0.283274
0.521438
0.666913
0.437474
0.624665
0.252167
0.680967
0.687978
0.766726
0.572447
0.250160
0.708915
0.680967
0.501457
0.440730
0.558648
0.375557
0.419169
0.673945
0.324601
0.422349
0.600293
0.607295
0.991157
0.915418
0.475349
0.856782
0.753315
0.250160
0.521438
0.924159
0.779952
0.356298
0.558648
0.145372
0.425222
0.673945
0.324601
0.600293
0.694975
0.428427
0.845248
0.915418
0.121532
0.673945
0.638743
0.856782
0.416320
0.437474
0.456208
0.694975
0.753315
0.312119
0.873406
0.416320
0.779952
0.138790
0.839356
0.110374
0.511232
0.260777
0.687978
0.422349
0.278663
0.600293
0.851058
0.565535
0.572447
0.572447
0.732903
0.416320
0.501457
0.881257
0.192809
0.494871
0.229720
0.221921
0.958842
