0.565535
0.171598
0.192809
0.862416
0.319514
0.652832
0.123878
0.924159
0.867958
0.174743
0.290171
0.099199
0.673945
0.792968
0.919848
0.456208
0.003030
0.687978
0.410341
0.398537
0.199779
0.919848
0.799391
0.524622
0.839356
0.056388
0.652832
0.381222
0.150886
0.367306
0.319514
0.206953
0.680967
0.462545
0.856782
0.878757
0.142680
0.235604
0.177934
0.475349
0.239663
0.544950
0.292664
0.544950
0.659874
0.739743
0.163865
0.265165
0.324601
0.074331
0.766726
0.551785
0.687978
0.799391
0.064449
0.047704
0.434555
0.666913
0.299727
0.544950
0.440730
0.544950
0.839356
0.896552
0.075047
0.055229
0.746548
0.314483
0.786488
0.666913
0.680967
0.210617
0.324601
0.072841
0.856782
0.304589
0.501457
0.715853
0.617636
0.005624
0.621335
0.851058
0.068529
0.827331
0.614310
0.243777
0.961834
0.645787
0.094387
0.265165
0.915418
0.040722
0.862416
0.210617
0.766726
0.265165
0.462545
0.037386
0.915418
0.994262
