0.156577
0.091676
0.551785
0.488323
0.069940
0.614310
0.247945
0.005492
0.398537
0.156577
0.265165
0.673945
0.332201
0.760042
0.833382
0.437474
0.269609
0.375557
0.091676
0.410341
0.456208
0.003179
0.579380
0.815009
0.186038
0.666913
0.652832
0.631702
0.673945
0.901437
0.265165
0.086372
0.593305
0.231599
0.247945
0.488323
0.881257
0.456208
0.851058
0.985553
0.638743
0.565535
0.572447
0.462545
0.827331
0.694975
0.988575
0.008465
0.069940
0.375557
0.404413
0.035052
0.659874
0.851058
0.517910
0.645787
0.673945
0.985553
0.739743
0.386941
0.673945
0.544950
0.958842
0.786488
0.998961
0.020293
0.833382
0.881257
0.586333
0.991157
0.243777
0.446953
0.119225
0.468925
0.766726
0.137423
0.833382
0.924159
0.419169
0.659874
0.673945
0.638743
0.896552
0.199779
0.329745
0.732903
0.833382
0.694975
0.952469
0.027928
0.988575
0.235604
0.329745
0.915418
0.309508
0.534929
0.659874
0.278663
0.746548
0.673945
