0.235604
0.142680
0.732903
0.121532
0.386941
0.732903
0.367306
0.766726
0.924159
0.150886
0.186038
0.534929
0.687978
0.621335
0.468925
0.631702
0.475349
0.276259
0.773363
0.565535
0.416320
0.792968
0.708915
0.364388
0.989919
0.659874
0.192809
0.481816
0.110374
0.538143
0.015690
0.906211
0.753315
0.508082
0.521438
0.446953
0.280840
0.645787
0.586333
0.280840
0.199779
0.821206
0.760042
0.839356
0.386941
0.392713
0.456208
0.572447
0.028545
0.753315
0.475349
0.345510
0.614310
0.440730
0.353438
0.309508
0.269609
0.219903
0.551785
0.821206
0.666913
0.839356
0.558648
0.906211
0.739743
0.845248
0.773363
0.600293
0.746548
0.645787
0.036592
0.462545
0.524622
0.964698
0.203341
0.345510
0.792968
0.715853
0.610616
0.199779
0.915418
0.425222
0.652832
0.544950
0.488323
0.247945
0.041598
0.746548
0.468925
0.845248
0.862416
0.600293
0.958842
0.381222
0.142680
0.565535
0.572447
0.544950
0.088109
0.719131
