0.060591
0.186038
0.140030
0.299727
0.123878
0.005758
0.694975
0.072841
0.808743
0.068529
0.110374
0.428427
0.680967
0.290171
0.375557
0.952469
0.514742
0.179463
0.088109
0.020750
0.600293
0.093508
0.089877
0.945583
0.673945
0.906211
0.047704
0.026732
0.102105
0.687978
0.176249
0.239663
0.077396
0.340199
0.050806
0.114725
0.827331
0.673945
0.726032
0.299727
0.007191
0.294921
0.680967
0.005758
0.919848
0.203341
0.091676
0.265165
0.176249
0.189398
0.214332
0.579380
0.196269
0.192809
0.821206
0.579380
0.299727
0.150886
0.024483
0.294921
0.579380
0.026152
0.329745
0.324601
0.631702
0.410341
0.099199
0.196269
0.145372
0.260777
0.475349
0.386941
0.081343
0.443672
0.501457
0.481816
0.544950
0.091676
0.827331
0.265165
0.726032
0.243777
0.007191
0.086372
0.593305
0.081343
0.579380
0.475349
0.544950
0.334944
0.579380
0.551785
0.364388
0.468925
0.851058
0.196269
0.449917
0.915418
0.845248
0.121532
