0.694975
0.579380
0.839356
0.919848
0.760042
0.910872
0.280840
0.121532
0.726032
0.221921
0.746548
0.235604
0.153709
0.084666
0.299727
0.802412
0.095372
0.862416
0.760042
0.955720
0.280840
0.071377
0.719131
0.304589
0.061853
0.210617
0.924159
0.994262
0.428427
0.544950
0.694975
0.652832
0.726032
0.538143
0.114725
0.186038
0.631702
0.037386
0.126262
0.919848
0.994262
0.687978
0.294921
0.182726
0.845248
0.488323
0.329745
0.046710
0.508082
0.746548
0.631702
0.304589
0.114725
0.235604
0.891559
0.003030
0.334944
0.666913
0.932418
0.773363
0.186038
0.364388
0.666913
0.269609
0.128687
0.081343
0.987120
0.786488
0.508082
0.106169
0.952469
0.000859
0.579380
0.915418
0.821206
0.468925
0.544950
0.231599
0.827331
0.026732
0.680967
0.839356
0.521438
0.481816
0.000207
0.906211
0.845248
0.766726
0.032520
0.082990
0.815009
0.514742
0.680967
0.517910
0.631702
0.000319
0.468925
0.617636
0.410341
0.851058
