0.028545
0.021216
0.719131
0.353438
0.000808
0.176249
0.488323
0.501457
0.214332
0.003030
0.227647
0.746548
0.340199
0.779952
0.645787
0.659874
0.398537
0.016048
0.068529
0.216111
0.350877
0.410341
0.410341
0.551785
0.851058
0.039863
0.915418
0.494871
0.324601
0.624665
0.047704
0.091676
0.110374
0.586333
0.136202
0.839356
0.189398
0.600293
0.304589
0.586333
0.659874
0.558648
0.524622
0.673945
0.779952
0.558648
0.203341
0.023700
0.028545
0.068529
0.353438
0.501457
0.103161
0.753315
0.116956
0.600293
0.732903
0.586333
0.558648
0.314483
0.358886
0.773363
0.779952
0.199779
0.256445
0.057570
0.579380
0.256445
0.924159
0.294921
0.673945
0.309508
0.001536
0.462545
0.227647
0.680967
0.278663
0.760042
0.531367
0.932418
0.381222
0.416320
0.645787
0.746548
0.624665
0.773363
0.416320
0.462545
0.652832
0.334944
0.766726
0.247945
0.867958
0.364388
0.404413
0.443672
0.229720
0.565535
0.481816
0.845248
