0.028545
0.047704
0.961834
0.002655
0.022179
0.967432
0.558648
0.372892
0.069940
0.468925
0.659874
0.845248
0.367306
0.488323
0.856782
0.413167
0.579380
0.000013
0.851058
0.666913
0.851058
0.292664
0.404413
0.645787
0.065784
0.481816
0.760042
0.833382
0.182726
0.666913
0.020750
0.964698
0.910872
0.970039
0.237734
0.919848
0.538143
0.231599
0.786488
0.468925
0.821206
0.449917
0.760042
0.558648
0.231599
0.131151
0.906211
0.314483
0.020750
0.919848
0.961834
0.680967
0.361775
0.766726
0.443672
0.364388
0.687978
0.121532
0.531367
0.638743
0.760042
0.652832
0.110374
0.329745
0.901437
0.652832
0.186038
0.494871
0.638743
0.404413
0.171598
0.071377
0.148107
0.773363
0.256445
0.924159
0.302279
0.265165
0.142680
0.443672
0.786488
0.558648
0.294921
0.821206
0.593305
0.381222
0.048718
0.329745
0.645787
0.988575
0.624665
0.586333
0.624665
0.404413
0.614310
0.119225
0.252167
0.060591
0.701955
0.265165
