0.025028
0.719131
0.652832
0.802412
0.906211
0.186038
0.891559
0.786488
0.058138
0.961834
0.235604
0.243777
0.867958
0.839356
0.579380
0.422349
0.970039
0.719131
0.910872
0.227647
0.827331
0.572447
0.753315
0.177934
0.494871
0.910872
0.531367
0.572447
0.283274
0.631702
0.364388
0.652832
0.437474
0.386941
0.746548
0.919848
0.037008
0.252167
0.833382
0.808743
0.319514
0.297443
0.239663
0.891559
0.329745
0.593305
0.544950
0.766726
0.538143
0.468925
0.524622
0.392713
0.652832
0.915418
0.144091
0.558648
0.659874
0.617636
0.392713
0.446953
0.148107
0.891559
0.265165
0.687978
0.243777
0.265165
0.299727
0.666913
0.191187
0.739743
0.719131
0.089877
0.524622
0.833382
0.084666
0.856782
0.739743
0.839356
0.446953
0.839356
0.961834
0.431323
0.760042
0.534929
0.142680
0.952469
0.168501
0.862416
0.985553
0.334944
0.239663
0.915418
0.367306
0.952469
0.531367
0.456208
0.218100
0.919848
0.276259
0.381222
