0.294921
0.342708
0.680967
0.985553
0.145372
0.673945
0.961834
0.845248
0.462545
0.280840
0.862416
0.652832
0.126262
0.719131
0.431323
0.256445
0.398537
0.544950
0.239663
0.673945
0.991157
0.558648
0.137423
0.392713
0.551785
0.162447
0.572447
0.422349
0.000535
0.304589
0.348045
0.760042
0.673945
0.906211
0.392713
0.098179
0.055229
0.753315
0.101163
0.673945
0.746548
0.007713
0.235604
0.156577
0.839356
0.856782
0.199779
0.097269
0.182726
0.760042
0.924159
0.746548
0.156577
0.127406
0.023700
0.121532
0.269609
0.673945
0.375557
0.008080
0.064449
0.123878
0.256445
0.856782
0.159489
0.126262
0.006326
0.381222
0.565535
0.631702
0.551785
0.285477
0.059353
0.773363
0.766726
0.746548
0.069940
0.216111
0.074331
0.468925
0.398537
0.274108
0.299727
0.114725
0.112531
0.659874
0.040722
0.494871
0.203341
0.260777
0.004388
0.961834
0.392713
0.815009
0.732903
0.106169
0.488323
0.821206
0.156577
0.140030
