0.501457
0.119225
0.815009
0.404413
0.631702
0.299727
0.169963
0.607295
0.638743
0.369946
0.364388
0.179463
0.269609
0.123878
0.773363
0.022675
0.970039
0.422349
0.712205
0.294921
0.140030
0.680967
0.309508
0.297443
0.886460
0.862416
0.299727
0.369946
0.356298
0.475349
0.856782
0.886460
0.431323
0.243777
0.386941
0.673945
0.528168
0.443672
0.760042
0.551785
0.239663
0.356298
0.159489
0.104120
0.398537
0.739743
0.039021
0.901437
0.481816
0.821206
0.610616
0.116956
0.746548
0.673945
0.528168
0.712205
0.967432
0.544950
0.449917
0.287941
0.203341
0.173082
0.659874
0.988575
0.068529
0.638743
0.753315
0.638743
0.773363
0.989919
0.283274
0.753315
0.659874
0.901437
0.025028
0.579380
0.153709
0.766726
0.367306
0.142680
0.915418
0.551785
0.369946
0.229720
0.475349
0.061853
0.572447
0.896552
0.462545
0.551785
0.910872
0.719131
0.928349
0.999213
0.428427
0.314483
0.206953
0.952469
0.955720
0.364388
