0.375557
0.309508
0.833382
0.404413
0.314483
0.386941
0.845248
0.845248
0.475349
0.252167
0.381222
0.779952
0.833382
0.659874
0.369946
0.137423
0.792968
0.624665
0.404413
0.203341
0.955720
0.924159
0.156577
0.443672
0.050806
0.687978
0.093508
0.645787
0.645787
0.013087
0.565535
0.088109
0.928349
0.821206
0.468925
0.334944
0.337426
0.071377
0.514742
0.186038
0.906211
0.955720
0.018980
0.617636
0.309508
0.614310
0.511232
0.410341
0.112531
0.827331
0.593305
0.949090
0.159489
0.168501
0.332201
0.392713
0.521438
0.235604
0.746548
0.952469
0.035052
0.712205
0.119225
0.614310
0.437474
0.404413
0.739743
0.538143
0.779952
0.128687
0.081343
0.680967
0.638743
0.753315
0.593305
0.631702
0.839356
0.680967
0.017353
0.924159
0.701955
0.086372
0.753315
0.815009
0.002134
0.358886
0.468925
0.792968
0.064449
0.159489
0.901437
0.089877
0.673945
0.075850
0.000284
0.928349
0.501457
0.456208
0.862416
0.773363
