0.462545
0.319514
0.440730
0.680967
0.501457
0.115895
0.501457
0.488323
0.659874
0.856782
0.297443
0.508082
0.932418
0.055229
0.827331
0.020750
0.915418
0.906211
0.329745
0.152367
0.680967
0.565535
0.256445
0.196269
0.475349
0.989919
0.319514
0.839356
0.078138
0.680967
0.833382
0.350877
0.372892
0.579380
0.329745
0.015690
0.538143
0.398537
0.565535
0.579380
0.551785
0.294921
0.265165
0.443672
0.137423
0.645787
0.958842
0.645787
0.958842
0.283274
0.372892
0.919848
0.128687
0.369946
0.821206
0.666913
0.961834
0.475349
0.833382
0.431323
0.265165
0.182726
0.108254
0.544950
0.958842
0.153709
0.000750
0.148107
0.719131
0.404413
0.475349
0.551785
0.638743
0.708915
0.378532
0.851058
0.260777
0.189398
0.039021
0.666913
0.998961
0.659874
0.958842
0.186038
0.269609
0.437474
0.280840
0.462545
0.827331
0.314483
0.000022
0.645787
0.369946
0.572447
0.551785
0.319514
0.186038
0.235604
0.345510
0.645787
