0.593305
0.340199
0.624665
0.278663
0.732903
0.558648
0.404413
0.182726
0.593305
0.206953
0.114725
0.501457
0.285477
0.168501
0.952469
0.410341
0.910872
0.579380
0.901437
0.449917
0.501457
0.040722
0.955720
0.324601
0.572447
0.827331
0.514742
0.652832
0.873406
0.572447
0.334944
0.746548
0.309508
0.416320
0.020293
0.901437
0.329745
0.760042
0.958842
0.434555
0.719131
0.521438
0.319514
0.029174
0.987120
0.572447
0.845248
0.494871
0.210617
0.753315
0.364388
0.283274
0.049752
0.955720
0.324601
0.760042
0.833382
0.786488
0.952469
0.792968
0.565535
0.012090
0.906211
0.666913
0.572447
0.586333
0.586333
0.133656
0.260777
0.773363
0.815009
0.851058
0.329745
0.199779
0.243777
0.428427
0.065784
0.551785
0.386941
0.851058
0.746548
0.873406
0.987120
0.694975
0.760042
0.008663
0.739743
0.256445
0.334944
0.851058
0.501457
0.077396
0.572447
0.779952
0.719131
0.766726
0.891559
0.443672
0.621335
0.600293
