0.378532
0.453223
0.369946
0.446953
0.422349
0.845248
0.565535
0.652832
0.673945
0.446953
0.095372
0.753315
0.652832
0.760042
0.431323
0.687978
0.138790
0.278663
0.659874
0.862416
0.462545
0.833382
0.199779
0.891559
0.274108
0.072841
0.992290
0.617636
0.614310
0.593305
0.453223
0.243777
0.799391
0.538143
0.845248
0.531367
0.915418
0.340199
0.091676
0.851058
0.285477
0.534929
0.766726
0.739743
0.827331
0.992290
0.285477
0.732903
0.198110
0.732903
0.428427
0.624665
0.919848
0.449917
0.845248
0.340199
0.456208
0.967432
0.084666
0.440730
0.586333
0.901437
0.732903
0.999417
0.353438
0.645787
0.404413
0.753315
0.176249
0.252167
0.932418
0.294921
0.453223
0.544950
0.786488
0.638743
0.760042
0.538143
0.572447
0.600293
0.304589
0.851058
0.294921
0.621335
0.334944
0.732903
0.638743
0.753315
0.443672
0.558648
0.760042
0.753315
0.285477
0.386941
0.928349
0.531367
0.910872
0.121532
0.572447
0.369946
