0.084666
0.110374
0.614310
0.008465
0.488323
0.607295
0.915418
0.886460
0.078138
0.673945
0.773363
0.586333
0.815009
0.821206
0.833382
0.839356
0.386941
0.015690
0.274108
0.792968
0.901437
0.705254
0.565535
0.544950
0.833382
0.856782
0.381222
0.398537
0.153709
0.624665
0.088109
0.586333
0.873406
0.624665
0.821206
0.919848
0.538143
0.958842
0.386941
0.481816
0.726032
0.958842
0.821206
0.631702
0.839356
0.446953
0.319514
0.652832
0.449917
0.673945
0.873406
0.437474
0.726032
0.964698
0.726032
0.839356
0.652832
0.845248
0.443672
0.961834
0.309508
0.449917
0.839356
0.297443
0.565535
0.558648
0.766726
0.047704
0.410341
0.182726
0.428427
0.558648
0.064449
0.924159
0.607295
0.290171
0.375557
0.958842
0.987120
0.468925
0.839356
0.906211
0.544950
0.833382
0.739743
0.886460
0.989919
0.367306
0.991157
0.481816
0.992290
0.517910
0.579380
0.182726
0.229720
0.739743
0.121532
0.551785
0.701955
0.392713
