0.061853
0.046710
0.514742
0.011549
0.057570
0.386941
0.453223
0.558648
0.673945
0.116956
0.256445
0.628368
0.753315
0.786488
0.891559
0.652832
0.732903
0.032855
0.528168
0.260777
0.422349
0.766726
0.967432
0.652832
0.645787
0.381222
0.614310
0.739743
0.739743
0.046710
0.000591
0.340199
0.105194
0.766726
0.586333
0.970039
0.565535
0.983870
0.023183
0.708915
0.815009
0.645787
0.449917
0.673945
0.779952
0.970039
0.337426
0.708915
0.000207
0.600293
0.080574
0.673945
0.919848
0.673945
0.392713
0.891559
0.012947
0.792968
0.624665
0.987120
0.299727
0.760042
0.928349
0.851058
0.596613
0.434555
0.108254
0.600293
0.309508
0.652832
0.392713
0.726032
0.137423
0.514742
0.416320
0.586333
0.845248
0.924159
0.309508
0.726032
0.481816
0.792968
0.443672
0.896552
0.364388
0.579380
0.600293
0.915418
0.698284
0.521438
0.712205
0.600293
0.456208
0.906211
0.906211
0.381222
0.239663
0.659874
0.297443
0.061853
