0.949090
0.796018
0.524622
0.586333
0.815009
0.314483
0.955720
0.970039
0.358886
0.941949
0.645787
0.680967
0.760042
0.891559
0.538143
0.593305
0.878757
0.645787
0.886460
0.392713
0.958842
0.910872
0.732903
0.162447
0.593305
0.862416
0.231599
0.294921
0.203341
0.719131
0.294921
0.983870
0.666913
0.739743
0.666913
0.294921
0.131151
0.593305
0.410341
0.369946
0.353438
0.694975
0.603608
0.060591
0.456208
0.416320
0.961834
0.964698
0.808743
0.886460
0.673945
0.645787
0.659874
0.538143
0.099199
0.416320
0.766726
0.192809
0.179463
0.680967
0.216111
0.517910
0.456208
0.334944
0.915418
0.989919
0.203341
0.348045
0.572447
0.016048
0.044778
0.919848
0.886460
0.802412
0.494871
0.558648
0.659874
0.538143
0.265165
0.862416
0.766726
0.732903
0.084666
0.992290
0.173082
0.034305
0.054091
0.494871
0.760042
0.260777
0.196269
0.231599
0.071377
0.558648
0.596613
0.991157
0.283274
0.449917
0.970039
0.001498
