0.528168
0.593305
0.186038
0.565535
0.123878
0.901437
0.766726
0.991157
0.356298
0.165451
0.364388
0.069940
0.919848
0.269609
0.329745
0.600293
0.488323
0.593305
0.153709
0.906211
0.839356
0.991157
0.260777
0.440730
0.544950
0.404413
0.845248
0.666913
0.475349
0.140030
0.799391
0.037386
0.456208
0.919848
0.999213
0.334944
0.422349
0.839356
0.260777
0.260777
0.753315
0.116956
0.631702
0.538143
0.766726
0.475349
0.081343
0.687978
0.786488
0.088109
0.114725
0.851058
0.961834
0.131151
0.600293
0.961834
0.210617
0.260777
0.558648
0.039021
0.538143
0.638743
0.919848
0.746548
0.108254
0.586333
0.369946
0.364388
0.701955
0.652832
0.779952
0.274108
0.356298
0.235604
0.067143
0.862416
0.910872
0.579380
0.278663
0.753315
0.398537
0.404413
0.652832
0.116956
0.815009
0.955720
0.666913
0.558648
0.443672
0.579380
0.358886
0.381222
0.350877
0.192809
0.422349
0.501457
0.319514
0.214332
0.055229
0.808743
