0.162447
0.210617
0.624665
0.659874
0.572447
0.955720
0.247945
0.652832
0.314483
0.345510
0.544950
0.481816
0.652832
0.165451
0.845248
0.285477
0.708915
0.278663
0.896552
0.753315
0.443672
0.340199
0.760042
0.901437
0.003256
0.422349
0.928349
0.928349
0.283274
0.488323
0.481816
0.712205
0.988575
0.468925
0.673945
0.260777
0.746548
0.069940
0.334944
0.600293
0.779952
0.416320
0.093508
0.443672
0.375557
0.766726
0.309508
0.833382
0.579380
0.802412
0.958842
0.558648
0.673945
0.572447
0.906211
0.243777
0.274108
0.345510
0.687978
0.494871
0.012370
0.631702
0.375557
0.856782
0.381222
0.901437
0.881257
0.494871
0.367306
0.456208
0.867958
0.100125
0.398537
0.538143
0.666913
0.659874
0.334944
0.565535
0.991157
0.304589
0.593305
0.416320
0.508082
0.265165
0.003336
0.988575
0.952469
0.851058
0.022179
0.952469
0.802412
0.928349
0.708915
0.551785
0.779952
0.003713
0.488323
0.915418
0.579380
0.171598
