0.792968
0.434555
0.218100
0.586333
0.144091
0.260777
0.314483
0.565535
0.600293
0.302279
0.680967
0.148107
0.652832
0.521438
0.901437
0.538143
0.652832
0.283274
0.078971
0.779952
0.256445
0.652832
0.356298
0.827331
0.652832
0.760042
0.970039
0.203341
0.779952
0.952469
0.229720
0.329745
0.680967
0.666913
0.739743
0.416320
0.551785
0.565535
0.256445
0.156577
0.274108
0.862416
0.468925
0.712205
0.428427
0.687978
0.045735
0.501457
0.440730
0.210617
0.334944
0.666913
0.961834
0.494871
0.468925
0.475349
0.324601
0.121532
0.269609
0.928349
0.906211
0.808743
0.792968
0.600293
0.134857
0.501457
0.600293
0.845248
0.538143
0.431323
0.428427
0.156577
0.528168
0.099199
0.773363
0.579380
0.558648
0.680967
0.558648
0.753315
0.475349
0.006787
0.168501
0.932418
0.896552
0.983870
0.422349
0.694975
0.102105
0.428427
0.218100
0.766726
0.631702
0.511232
0.428427
0.538143
0.239663
0.051880
0.437474
0.084666
