0.779952
0.680967
0.739743
0.565535
0.203341
0.192809
0.760042
0.071377
0.867958
0.410341
0.314483
0.299727
0.260777
0.779952
0.068529
0.901437
0.037386
0.614310
0.304589
0.252167
0.586333
0.116956
0.779952
0.088109
0.304589
0.456208
0.719131
0.356298
0.867958
0.488323
0.989919
0.126262
0.016787
0.579380
0.054091
0.694975
0.003030
0.544950
0.001536
0.666913
0.372892
0.101163
0.095372
0.128687
0.694975
0.093508
0.137423
0.666913
0.851058
0.123878
0.006787
0.910872
0.199779
0.862416
0.003103
0.375557
0.001102
0.659874
0.453223
0.269609
0.319514
0.265165
0.514742
0.121532
0.219903
0.481816
0.915418
0.906211
0.003625
0.565535
0.827331
0.016787
0.970039
0.121532
0.260777
0.839356
0.121532
0.687978
0.005758
0.119225
0.019408
0.833382
0.297443
0.422349
0.958842
0.967432
0.701955
0.040722
0.079726
0.579380
0.910872
0.988575
0.098179
0.475349
0.304589
0.203341
0.265165
0.449917
0.095372
0.958842
