0.199779
0.579380
0.252167
0.176249
0.334944
0.106169
0.245964
0.753315
0.652832
0.404413
0.309508
0.019204
0.468925
0.428427
0.586333
0.121532
0.227647
0.586333
0.551785
0.110374
0.201647
0.833382
0.701955
0.967432
0.231599
0.299727
0.001200
0.375557
0.779952
0.064449
0.760042
0.833382
0.196269
0.111505
0.572447
0.873406
0.924159
0.342708
0.182726
0.000998
0.462545
0.967432
0.179463
0.231599
0.375557
0.856782
0.593305
0.521438
0.319514
0.652832
0.153709
0.361775
0.666913
0.701955
0.967432
0.425222
0.140030
0.000182
0.309508
0.970039
0.227647
0.290171
0.456208
0.494871
0.586333
0.350877
0.398537
0.008270
0.989919
0.856782
0.673945
0.766726
0.475349
0.309508
0.093508
0.181174
0.565535
0.715853
0.915418
0.179463
0.610616
0.018149
0.468925
0.392713
0.531367
0.112531
0.304589
0.680967
0.924159
0.350877
0.833382
0.239663
0.760042
0.851058
0.773363
0.766726
0.521438
0.027928
0.666913
0.544950
