0.524622
0.364388
0.589633
0.364388
0.009833
0.142680
0.708915
0.252167
0.294921
0.285477
0.705254
0.210617
0.572447
0.203341
0.404413
0.558648
0.381222
0.114725
0.084666
0.196269
0.928349
0.206953
0.056388
0.398537
0.192809
0.329745
0.034305
0.993324
0.906211
0.260777
0.239663
0.796018
0.247945
0.666913
0.779952
0.058775
0.449917
0.666913
0.156577
0.048718
0.919848
0.481816
0.666913
0.919848
0.799391
0.475349
0.304589
0.712205
0.624665
0.870551
0.314483
0.398537
0.856782
0.005305
0.631702
0.839356
0.052975
0.186038
0.924159
0.572447
0.475349
0.919848
0.792968
0.760042
0.089877
0.808743
0.988575
0.534929
0.687978
0.565535
0.617636
0.203341
0.186038
0.684290
0.324601
0.398537
0.666913
0.019204
0.114725
0.375557
0.666913
0.231599
0.773363
0.501457
0.558648
0.766726
0.792968
0.572447
0.314483
0.231599
0.988575
0.628368
0.972517
0.910872
0.358886
0.645787
0.309508
0.687978
0.815009
0.334944
