0.659874
0.565535
0.398537
0.565535
0.915418
0.340199
0.037386
0.319514
0.659874
0.398537
0.334944
0.039863
0.150886
0.659874
0.128687
0.808743
0.924159
0.753315
0.766726
0.037386
0.340199
0.544950
0.652832
0.052975
0.964698
0.924159
0.052975
0.773363
0.600293
0.680967
0.992290
0.501457
0.045735
0.058775
0.910872
0.314483
0.052975
0.992290
0.652832
0.044332
0.666913
0.600293
0.404413
0.112531
0.034305
0.919848
0.136202
0.021216
0.992290
0.673945
0.007535
0.099199
0.958842
0.256445
0.150886
0.856782
0.746548
0.214332
0.845248
0.600293
0.404413
0.294921
0.173082
0.488323
0.278663
0.021693
0.153709
0.964698
0.673945
0.462545
0.488323
0.468925
0.579380
0.260777
0.011032
0.097269
0.910872
0.093508
0.839356
0.773363
0.319514
0.773363
0.760042
0.600293
0.398537
0.148107
0.169963
0.680967
0.340199
0.029174
0.462545
0.159489
0.475349
0.839356
0.851058
0.314483
0.247945
0.766726
0.726032
0.746548
