0.237734
0.687978
0.252167
0.521438
0.753315
0.501457
0.494871
0.367306
0.501457
0.786488
0.153709
0.356298
0.434555
0.386941
0.932418
0.987120
0.538143
0.792968
0.746548
0.233700
0.753315
0.198110
0.150886
0.645787
0.732903
0.565535
0.044332
0.572447
0.856782
0.428427
0.607295
0.945583
0.237734
0.839356
0.372892
0.243777
0.845248
0.456208
0.955720
0.060002
0.572447
0.766726
0.680967
0.114725
0.350877
0.013389
0.174743
0.375557
0.521438
0.449917
0.237734
0.753315
0.372892
0.375557
0.833382
0.739743
0.906211
0.060002
0.260777
0.329745
0.993324
0.551785
0.501457
0.001498
0.274108
0.022179
0.910872
0.067143
0.726032
0.773363
0.624665
0.203341
0.621335
0.050806
0.446953
0.659874
0.372892
0.638743
0.910872
0.544950
0.192809
0.867958
0.586333
0.398537
0.851058
0.119225
0.779952
0.010062
0.422349
0.192809
0.988575
0.011817
0.719131
0.687978
0.294921
0.071377
0.531367
0.290171
0.140030
0.607295
