0.635407
0.722767
0.687978
0.488323
0.786488
0.666913
0.833382
0.958842
0.799391
0.715853
0.687978
0.517910
0.572447
0.773363
0.544950
0.199779
0.970039
0.722767
0.779952
0.746548
0.766726
0.955720
0.579380
0.038195
0.410341
0.992290
0.694975
0.294921
0.593305
0.410341
0.534929
0.862416
0.456208
0.687978
0.645787
0.153709
0.028545
0.607295
0.970039
0.404413
0.093508
0.410341
0.579380
0.353438
0.779952
0.694975
0.037386
0.792968
0.541722
0.862416
0.192809
0.687978
0.739743
0.153709
0.028545
0.786488
0.992290
0.856782
0.314483
0.410341
0.404413
0.285477
0.851058
0.345510
0.028545
0.792968
0.666913
0.177934
0.652832
0.991157
0.481816
0.114725
0.708915
0.600293
0.375557
0.666913
0.906211
0.252167
0.544950
0.932418
0.970039
0.579380
0.247945
0.867958
0.123878
0.705254
0.779952
0.422349
0.538143
0.607295
0.256445
0.345510
0.252167
0.845248
0.468925
0.020750
0.760042
0.949090
0.715853
0.108254
