0.404413
0.392713
0.544950
0.659874
0.572447
0.039021
0.511232
0.680967
0.972517
0.833382
0.443672
0.375557
0.687978
0.991157
0.214332
0.065784
0.269609
0.381222
0.392713
0.192809
0.431323
0.687978
0.753315
0.356298
0.437474
0.252167
0.659874
0.928349
0.607295
0.381222
0.488323
0.753315
0.010781
0.531367
0.687978
0.572447
0.528168
0.148107
0.726032
0.481816
0.967432
0.521438
0.558648
0.112531
0.851058
0.005364
0.084666
0.856782
0.766726
0.910872
0.064449
0.443672
0.501457
0.398537
0.799391
0.617636
0.833382
0.915418
0.915418
0.878757
0.652832
0.112531
0.924159
0.013697
0.114725
0.924159
0.227647
0.514742
0.000535
0.314483
0.110374
0.753315
0.766726
0.901437
0.544950
0.294921
0.680967
0.265165
0.873406
0.049752
0.901437
0.964698
0.404413
0.701955
0.827331
0.089877
0.680967
0.000678
0.243777
0.586333
0.231599
0.514742
0.001048
0.572447
0.431323
0.760042
0.416320
0.964698
0.112531
0.177934
