0.910872
0.779952
0.779952
0.845248
0.805752
0.666913
0.056945
0.521438
0.856782
0.873406
0.565535
0.114725
0.006948
0.614310
0.162447
0.112531
0.443672
0.896552
0.614310
0.309508
0.227647
0.600293
0.278663
0.501457
0.413167
0.617636
0.967432
0.551785
0.845248
0.309508
0.989919
0.792968
0.645787
0.531367
0.786488
0.501457
0.701955
0.216111
0.802412
0.600293
0.443672
0.666913
0.386941
0.182726
0.991157
0.000022
0.673945
0.760042
0.851058
0.514742
0.652832
0.231599
0.278663
0.416320
0.694975
0.127406
0.726032
0.694975
0.364388
0.126262
0.381222
0.110374
0.666913
0.000061
0.862416
0.760042
0.299727
0.932418
0.726032
0.398537
0.101163
0.494871
0.760042
0.225794
0.121532
0.027928
0.340199
0.345510
0.579380
0.033573
0.881257
0.873406
0.189398
0.260777
0.369946
0.375557
0.915418
0.000327
0.993324
0.773363
0.189398
0.508082
0.952469
0.269609
0.056388
0.508082
0.680967
0.443672
0.631702
0.766726
