0.340199
0.481816
0.617636
0.600293
0.910872
0.189398
0.673945
0.896552
0.314483
0.319514
0.638743
0.508082
0.538143
0.815009
0.631702
0.666913
0.621335
0.773363
0.381222
0.551785
0.673945
0.906211
0.358886
0.481816
0.915418
0.600293
0.579380
0.068529
0.845248
0.223749
0.961834
0.041598
0.309508
0.821206
0.998961
0.538143
0.153709
0.928349
0.694975
0.652832
0.039863
0.468925
0.035052
0.779952
0.766726
0.462545
0.133656
0.766726
0.915418
0.456208
0.760042
0.821206
0.958842
0.732903
0.068529
0.792968
0.105194
0.381222
0.022675
0.192809
0.142680
0.508082
0.488323
0.462545
0.099199
0.967432
0.659874
0.845248
0.901437
0.945583
0.189398
0.392713
0.673945
0.544950
0.324601
0.531367
0.845248
0.449917
0.068529
0.867958
0.356298
0.369946
0.023700
0.732903
0.290171
0.862416
0.579380
0.247945
0.099199
0.760042
0.760042
0.753315
0.121532
0.364388
0.299727
0.746548
0.398537
0.358886
0.037386
0.358886
