0.364388
0.048718
0.851058
0.137423
0.538143
0.970039
0.624665
0.773363
0.035815
0.544950
0.481816
0.815009
0.915418
0.645787
0.398537
0.652832
0.645787
0.027928
0.538143
0.991157
0.624665
0.093508
0.760042
0.334944
0.815009
0.565535
0.494871
0.845248
0.572447
0.252167
0.137423
0.309508
0.896552
0.901437
0.475349
0.243777
0.701955
0.290171
0.055229
0.501457
0.970039
0.659874
0.049752
0.565535
0.538143
0.110374
0.856782
0.462545
0.290171
0.381222
0.638743
0.645787
0.659874
0.456208
0.786488
0.294921
0.072841
0.779952
0.851058
0.839356
0.037386
0.095372
0.719131
0.145372
0.680967
0.294921
0.481816
0.610616
0.072841
0.040268
0.173082
0.214332
0.189398
0.304589
0.624665
0.753315
0.845248
0.369946
0.701955
0.449917
0.121532
0.600293
0.579380
0.468925
0.114725
0.739743
0.294921
0.304589
0.481816
0.304589
0.572447
0.078138
0.586333
0.040268
0.129849
0.508082
0.766726
0.329745
0.329745
0.206953
