0.153709
0.231599
0.443672
0.617636
0.437474
0.449917
0.967432
0.128687
0.023700
0.285477
0.726032
0.915418
0.314483
0.508082
0.845248
0.792968
0.214332
0.659874
0.443672
0.531367
0.862416
0.128687
0.123878
0.565535
0.146806
0.773363
0.766726
0.538143
0.579380
0.565535
0.827331
0.511232
0.910872
0.753315
0.162447
0.422349
0.404413
0.514742
0.924159
0.773363
0.538143
0.057570
0.833382
0.398537
0.517910
0.739743
0.631702
0.042921
0.565535
0.348045
0.910872
0.833382
0.162447
0.786488
0.265165
0.514742
0.673945
0.579380
0.456208
0.165451
0.906211
0.666913
0.140030
0.638743
0.544950
0.009608
0.891559
0.192809
0.428427
0.294921
0.514742
0.851058
0.243777
0.353438
0.481816
0.739743
0.210617
0.970039
0.501457
0.593305
0.779952
0.673945
0.192809
0.579380
0.659874
0.392713
0.140030
0.462545
0.150886
0.017747
0.631702
0.243777
0.932418
0.189398
0.278663
0.851058
0.416320
0.017957
0.148107
0.051880
