0.867958
0.805752
0.827331
0.600293
0.269609
0.673945
0.680967
0.766726
0.851058
0.680967
0.856782
0.501457
0.666913
0.404413
0.018560
0.404413
0.114725
0.932418
0.214332
0.680967
0.659874
0.851058
0.252167
0.142680
0.252167
0.538143
0.827331
0.001984
0.056388
0.199779
0.873406
0.256445
0.356298
0.833382
0.579380
0.462545
0.038195
0.150886
0.732903
0.538143
0.026152
0.089877
0.494871
0.521438
0.586333
0.229720
0.494871
0.673945
0.792968
0.565535
0.607295
0.652832
0.488323
0.156577
0.015690
0.088109
0.544950
0.821206
0.026732
0.192809
0.680967
0.715853
0.334944
0.521438
0.214332
0.851058
0.600293
0.386941
0.856782
0.645787
0.189398
0.607295
0.873406
0.652832
0.792968
0.475349
0.404413
0.299727
0.153709
0.631702
0.726032
0.821206
0.176249
0.148107
0.680967
0.534929
0.586333
0.708915
0.329745
0.773363
0.694975
0.652832
0.766726
0.833382
0.189398
0.514742
0.386941
0.044332
0.398537
0.698284
