0.340199
0.753315
0.165451
0.237734
0.906211
0.181174
0.726032
0.350877
0.773363
0.392713
0.218100
0.739743
0.345510
0.955720
0.610616
0.565535
0.398537
0.572447
0.919848
0.225794
0.732903
0.350877
0.285477
0.443672
0.760042
0.475349
0.628368
0.392713
0.287941
0.839356
0.659874
0.961834
0.225794
0.906211
0.687978
0.437474
0.247945
0.955720
0.128687
0.799391
0.324601
0.428427
0.558648
0.196269
0.739743
0.061853
0.766726
0.386941
0.329745
0.753315
0.225794
0.958842
0.862416
0.705254
0.726032
0.481816
0.210617
0.614310
0.206953
0.107262
0.565535
0.196269
0.304589
0.048718
0.260777
0.833382
0.468925
0.901437
0.856782
0.475349
0.989919
0.392713
0.329745
0.565535
0.350877
0.746548
0.494871
0.617636
0.985553
0.203341
0.075850
0.694975
0.171598
0.107262
0.319514
0.089877
0.116956
0.431323
0.265165
0.988575
0.095372
0.896552
0.779952
0.659874
0.746548
0.256445
0.739743
0.638743
0.988575
0.687978
