0.375557
0.182726
0.753315
0.009504
0.055229
0.753315
0.827331
0.528168
0.206953
0.645787
0.381222
0.652832
0.528168
0.494871
0.600293
0.638743
0.579380
0.006787
0.077396
0.645787
0.416320
0.786488
0.766726
0.680967
0.203341
0.410341
0.753315
0.434555
0.638743
0.680967
0.304589
0.256445
0.955720
0.345510
0.928349
0.928349
0.910872
0.652832
0.607295
0.753315
0.416320
0.739743
0.856782
0.437474
0.011032
0.165451
0.928349
0.652832
0.369946
0.481816
0.551785
0.278663
0.701955
0.862416
0.475349
0.468925
0.701955
0.260777
0.779952
0.538143
0.856782
0.631702
0.064449
0.324601
0.993324
0.833382
0.666913
0.839356
0.309508
0.928349
0.177934
0.196269
0.631702
0.760042
0.016048
0.501457
0.428427
0.274108
0.121532
0.739743
0.799391
0.579380
0.501457
0.231599
0.345510
0.443672
0.142680
0.481816
0.972517
0.955720
0.673945
0.958842
0.732903
0.924159
0.440730
0.114725
0.128687
0.358886
0.103161
0.256445
