0.786488
0.593305
0.168501
0.446953
0.386941
0.361775
0.833382
0.119225
0.058775
0.121532
0.453223
0.753315
0.086372
0.256445
0.106169
0.214332
0.792968
0.673945
0.269609
0.283274
0.891559
0.168501
0.014661
0.398537
0.165451
0.845248
0.398537
0.551785
0.218100
0.265165
0.345510
0.324601
0.345510
0.739743
0.319514
0.425222
0.488323
0.673945
0.992290
0.760042
0.652832
0.174743
0.314483
0.531367
0.680967
0.501457
0.511232
0.666913
0.434555
0.481816
0.221921
0.821206
0.481816
0.348045
0.404413
0.673945
0.919848
0.398537
0.833382
0.174743
0.381222
0.631702
0.856782
0.265165
0.705254
0.666913
0.593305
0.156577
0.488323
0.386941
0.329745
0.600293
0.708915
0.074331
0.416320
0.538143
0.494871
0.223749
0.265165
0.586333
0.970039
0.260777
0.652832
0.136202
0.021216
0.901437
0.680967
0.334944
0.348045
0.673945
0.856782
0.196269
0.334944
0.833382
0.488323
0.687978
0.624665
0.416320
0.726032
0.000353
