0.018364
0.126262
0.779952
0.165451
0.398537
0.666913
0.915418
0.528168
0.203341
0.839356
0.572447
0.992290
0.687978
0.119225
0.773363
0.494871
0.991157
0.050806
0.786488
0.666913
0.915418
0.528168
0.544950
0.958842
0.873406
0.456208
0.314483
0.534929
0.796018
0.037386
0.043403
0.792968
0.833382
0.856782
0.521438
0.294921
0.915418
0.867958
0.137423
0.214332
0.621335
0.419169
0.247945
0.192809
0.827331
0.687978
0.203341
0.106169
0.093508
0.694975
0.833382
0.773363
0.701955
0.538143
0.845248
0.792968
0.061853
0.329745
0.446953
0.691294
0.827331
0.243777
0.739743
0.687978
0.199779
0.227647
0.419169
0.773363
0.106169
0.462545
0.126262
0.600293
0.265165
0.701955
0.652832
0.416320
0.600293
0.150886
0.746548
0.786488
0.005624
0.862416
0.521438
0.419169
0.901437
0.304589
0.645787
0.972517
0.203341
0.034305
0.082990
0.851058
0.076579
0.746548
0.168501
0.786488
0.631702
0.419169
0.358886
0.356298
