0.983870
0.949090
0.773363
0.705254
0.961834
0.839356
0.340199
0.314483
0.753315
0.985553
0.488323
0.508082
0.369946
0.056388
0.739743
0.025584
0.753315
0.531367
0.901437
0.961834
0.345510
0.162447
0.462545
0.189398
0.061853
0.645787
0.186038
0.833382
0.779952
0.779952
0.891559
0.919848
0.329745
0.666913
0.416320
0.235604
0.239663
0.108254
0.732903
0.358886
0.910872
0.680967
0.799391
0.101163
0.779952
0.375557
0.278663
0.410341
0.949090
0.964698
0.329745
0.481816
0.779952
0.186038
0.294921
0.182726
0.309508
0.048718
0.910872
0.928349
0.708915
0.131151
0.680967
0.732903
0.416320
0.214332
0.572447
0.142680
0.369946
0.361775
0.881257
0.239663
0.952469
0.760042
0.666913
0.392713
0.687978
0.029174
0.719131
0.048718
0.235604
0.004493
0.381222
0.873406
0.434555
0.265165
0.766726
0.475349
0.269609
0.103161
0.659874
0.524622
0.456208
0.184463
0.719131
0.148107
0.726032
0.312119
0.701955
0.468925
