0.901437
0.773363
0.410341
0.586333
0.873406
0.138790
0.392713
0.666913
0.680967
0.501457
0.283274
0.659874
0.967432
0.392713
0.915418
0.068529
0.468925
0.364388
0.171598
0.459538
0.624665
0.666913
0.593305
0.726032
0.192809
0.565535
0.068529
0.901437
0.827331
0.462545
0.739743
0.422349
0.805752
0.985553
0.404413
0.210617
0.945583
0.072841
0.121532
0.375557
0.952469
0.827331
0.082990
0.260777
0.256445
0.468925
0.673945
0.867958
0.833382
0.792968
0.805752
0.985553
0.165451
0.165451
0.802412
0.162447
0.126262
0.538143
0.987120
0.827331
0.227647
0.652832
0.398537
0.314483
0.673945
0.600293
0.501457
0.110374
0.449917
0.919848
0.494871
0.514742
0.392713
0.508082
0.708915
0.827331
0.845248
0.162447
0.239663
0.392713
0.156577
0.821206
0.955720
0.638743
0.290171
0.375557
0.579380
0.121532
0.586333
0.345510
0.350877
0.007535
0.896552
0.694975
0.334944
0.422349
0.051880
0.600293
0.398537
0.134857
