0.504591
0.348045
0.610616
0.252167
0.732903
0.309508
0.252167
0.862416
0.294921
0.617636
0.544950
0.319514
0.501457
0.462545
0.456208
0.910872
0.475349
0.511232
0.358886
0.210617
0.739743
0.792968
0.001186
0.906211
0.985553
0.260777
0.133656
0.456208
0.867958
0.020293
0.176249
0.196269
0.324601
0.203341
0.673945
0.089877
0.955720
0.833382
0.165451
0.051880
0.851058
0.225794
0.020750
0.989919
0.760042
0.732903
0.004388
0.924159
0.134857
0.544950
0.488323
0.565535
0.766726
0.369946
0.989919
0.314483
0.329745
0.192809
0.766726
0.345510
0.003179
0.998961
0.766726
0.985553
0.004285
0.932418
0.652832
0.659874
0.280840
0.558648
0.416320
0.572447
0.419169
0.531367
0.416320
0.309508
0.324601
0.739743
0.998659
0.572447
0.334944
0.638743
0.488323
0.345510
0.004388
0.845248
0.324601
0.456208
0.142680
0.856782
0.652832
0.839356
0.511232
0.746548
0.856782
0.565535
0.875953
0.000017
0.036592
0.050806
