0.019408
0.239663
0.462545
0.443672
0.358886
0.906211
0.600293
0.468925
0.140030
0.186038
0.645787
0.422349
0.760042
0.881257
0.726032
0.364388
0.260777
0.314483
0.294921
0.988575
0.422349
0.468925
0.437474
0.304589
0.247945
0.494871
0.901437
0.673945
0.260777
0.294921
0.150886
0.227647
0.815009
0.521438
0.544950
0.443672
0.392713
0.047704
0.297443
0.659874
0.845248
0.753315
0.088109
0.159489
0.052975
0.928349
0.099199
0.501457
0.021216
0.063139
0.726032
0.521438
0.243777
0.881257
0.565535
0.047704
0.434555
0.659874
0.572447
0.845248
0.088109
0.260777
0.068529
0.970039
0.586333
0.862416
0.652832
0.862416
0.873406
0.600293
0.645787
0.531367
0.065784
0.027928
0.732903
0.356298
0.449917
0.617636
0.845248
0.035815
0.708915
0.199779
0.481816
0.753315
0.285477
0.218100
0.247945
0.970039
0.586333
0.404413
0.579380
0.687978
0.701955
0.779952
0.558648
0.112531
0.521438
0.381222
0.329745
0.659874
