0.488323
0.544950
0.558648
0.528168
0.952469
0.586333
0.521438
0.551785
0.501457
0.247945
0.210617
0.701955
0.680967
0.369946
0.032855
0.766726
0.214332
0.687978
0.808743
0.708915
0.600293
0.247945
0.035052
0.815009
0.521438
0.501457
0.398537
0.607295
0.593305
0.827331
0.579380
0.726032
0.534929
0.862416
0.093508
0.059353
0.839356
0.687978
0.422349
0.579380
0.600293
0.340199
0.475349
0.544950
0.773363
0.726032
0.475349
0.833382
0.558648
0.304589
0.534929
0.687978
0.156577
0.125002
0.961834
0.786488
0.508082
0.673945
0.221921
0.593305
0.475349
0.375557
0.773363
0.449917
0.319514
0.746548
0.210617
0.501457
0.488323
0.964698
0.243777
0.203341
0.666913
0.148107
0.302279
0.779952
0.309508
0.056945
0.845248
0.422349
0.501457
0.488323
0.422349
0.600293
0.652832
0.381222
0.673945
0.538143
0.324601
0.985553
0.077396
0.593305
0.404413
0.992290
0.369946
0.071377
0.970039
0.732903
0.873406
0.886460
