0.732903
0.617636
0.168501
0.856782
0.276259
0.792968
0.089877
0.199779
0.324601
0.042921
0.614310
0.319514
0.551785
0.299727
0.839356
0.425222
0.673945
0.726032
0.538143
0.058775
0.915418
0.247945
0.089877
0.243777
0.348045
0.915418
0.528168
0.329745
0.705254
0.184463
0.381222
0.071377
0.214332
0.760042
0.192809
0.544950
0.524622
0.443672
0.579380
0.514742
0.586333
0.624665
0.177934
0.162447
0.063139
0.624665
0.231599
0.199779
0.247945
0.071377
0.404413
0.760042
0.468925
0.299727
0.815009
0.443672
0.851058
0.221921
0.680967
0.437474
0.434555
0.031141
0.285477
0.364388
0.112531
0.314483
0.514742
0.375557
0.018980
0.961834
0.961834
0.558648
0.243777
0.040722
0.404413
0.906211
0.760042
0.142680
0.815009
0.624665
0.851058
0.221921
0.501457
0.358886
0.107262
0.023700
0.082990
0.538143
0.182726
0.659874
0.607295
0.538143
0.045735
0.958842
0.766726
0.989919
0.827331
0.319514
0.528168
0.821206
