0.050806
0.760042
0.753315
0.652832
0.624665
0.614310
0.324601
0.012655
0.037386
0.645787
0.932418
0.766726
0.093508
0.398537
0.732903
0.579380
0.086372
0.760042
0.538143
0.206953
0.621335
0.009504
0.231599
0.159489
0.659874
0.544950
0.521438
0.422349
0.967432
0.955720
0.901437
0.645787
0.131151
0.873406
0.003179
0.827331
0.256445
0.666913
0.468925
0.434555
0.856782
0.967432
0.732903
0.375557
0.638743
0.862416
0.906211
0.614310
0.544950
0.958842
0.673945
0.792968
0.011549
0.638743
0.839356
0.760042
0.468925
0.786488
0.600293
0.915418
0.456208
0.156577
0.544950
0.928349
0.906211
0.792968
0.753315
0.159489
0.760042
0.773363
0.579380
0.075850
0.456208
0.839356
0.919848
0.792968
0.148107
0.896552
0.386941
0.915418
0.252167
0.607295
0.501457
0.579380
0.544950
0.381222
0.443672
0.600293
0.910872
0.873406
0.468925
0.256445
0.845248
0.779952
0.398537
0.210617
0.449917
0.989919
0.136202
0.501457
