0.867958
0.773363
0.708915
0.153709
0.416320
0.544950
0.016967
0.020750
0.786488
0.687978
0.475349
0.016967
0.182726
0.551785
0.386941
0.145372
0.652832
0.334944
0.621335
0.009389
0.808743
0.015340
0.410341
0.712205
0.712205
0.915418
0.961834
0.652832
0.093508
0.468925
0.565535
0.541722
0.004765
0.631702
0.364388
0.760042
0.524622
0.796018
0.999417
0.475349
0.766726
0.148107
0.381222
0.687978
0.488323
0.753315
0.624665
0.319514
0.928349
0.628368
0.001325
0.719131
0.449917
0.666913
0.353438
0.617636
0.999417
0.652832
0.773363
0.089877
0.456208
0.687978
0.410341
0.565535
0.705254
0.766726
0.319514
0.739743
0.437474
0.410341
0.565535
0.910872
0.779952
0.715853
0.000122
0.443672
0.544950
0.839356
0.437474
0.140030
0.924159
0.955720
0.494871
0.631702
0.089877
0.097269
0.928349
0.162447
0.342708
0.501457
0.988575
0.617636
0.891559
0.867958
0.192809
0.915418
0.821206
0.708915
0.987120
0.839356
