0.508082
0.260777
0.985553
0.265165
0.886460
0.896552
0.036592
0.919848
0.766726
0.462545
0.958842
0.104120
0.673945
0.600293
0.708915
0.047704
0.572447
0.214332
0.719131
0.987120
0.036592
0.851058
0.528168
0.123878
0.235604
0.961834
0.673945
0.243777
0.773363
0.004602
0.867958
0.531367
0.140030
0.964698
0.967432
0.361775
0.462545
0.294921
0.915418
0.766726
0.375557
0.779952
0.008663
0.949090
0.294921
0.162447
0.000202
0.856782
0.786488
0.712205
0.108254
0.845248
0.991157
0.297443
0.462545
0.235604
0.915418
0.851058
0.299727
0.867958
0.121532
0.891559
0.002958
0.265165
0.000284
0.680967
0.970039
0.009287
0.350877
0.766726
0.867958
0.156577
0.404413
0.719131
0.045735
0.773363
0.572447
0.372892
0.375557
0.443672
0.673945
0.845248
0.243777
0.786488
0.148107
0.544950
0.179463
0.488323
0.035815
0.773363
0.924159
0.003671
0.514742
0.760042
0.508082
0.150886
0.924159
0.001392
0.760042
0.964698
