0.404413
0.064449
0.694975
0.434555
0.047704
0.514742
0.910872
0.283274
0.792968
0.020293
0.792968
0.967432
0.586333
0.708915
0.398537
0.278663
0.110374
0.422349
0.016048
0.753315
0.924159
0.184463
0.967432
0.508082
0.324601
0.000849
0.694975
0.152367
0.964698
0.739743
0.009074
0.572447
0.779952
0.862416
0.345510
0.910872
0.128687
0.324601
0.017169
0.138790
0.283274
0.972517
0.443672
0.941949
0.955720
0.521438
0.896552
0.621335
0.000654
0.260777
0.970039
0.867958
0.867958
0.652832
0.131151
0.488323
0.256445
0.514742
0.138790
0.862416
0.437474
0.891559
0.998659
0.521438
0.544950
0.521438
0.252167
0.701955
0.964698
0.621335
0.398537
0.174743
0.028545
0.773363
0.970039
0.694975
0.786488
0.961834
0.057570
0.579380
0.156577
0.521438
0.508082
0.334944
0.726032
0.112531
0.987120
0.528168
0.638743
0.708915
0.309508
0.708915
0.961834
0.521438
0.766726
0.416320
0.020293
0.673945
0.192809
0.992290
