0.274108
0.404413
0.992290
0.381222
0.621335
0.659874
0.572447
0.319514
0.189398
0.345510
0.915418
0.309508
0.075850
0.116956
0.839356
0.422349
0.269609
0.206953
0.345510
0.845248
0.680967
0.189398
0.572447
0.891559
0.446953
0.269609
0.274108
0.538143
0.989919
0.132333
0.586333
0.673945
0.779952
0.572447
0.104120
0.862416
0.833382
0.221921
0.334944
0.607295
0.524622
0.827331
0.137423
0.919848
0.987120
0.579380
0.746548
0.862416
0.334944
0.766726
0.593305
0.572447
0.134857
0.687978
0.901437
0.428427
0.214332
0.694975
0.808743
0.449917
0.104120
0.970039
0.998659
0.494871
0.739743
0.856782
0.108254
0.928349
0.206953
0.299727
0.218100
0.099199
0.274108
0.851058
0.340199
0.121532
0.014333
0.508082
0.652832
0.283274
0.586333
0.593305
0.821206
0.891559
0.104120
0.967432
0.746548
0.851058
0.833382
0.970039
0.047704
0.779952
0.392713
0.881257
0.082206
0.915418
0.159489
0.719131
0.845248
0.375557
