0.961834
0.766726
0.760042
0.964698
0.128687
0.856782
0.022179
0.494871
0.638743
0.508082
0.565535
0.314483
0.851058
0.449917
0.796018
0.732903
0.481816
0.544950
0.593305
0.121532
0.256445
0.514742
0.140030
0.231599
0.375557
0.753315
0.001961
0.475349
0.687978
0.324601
0.203341
0.666913
0.398537
0.753315
0.488323
0.524622
0.081343
0.987120
0.586333
0.009726
0.260777
0.779952
0.833382
0.712205
0.687978
0.915418
0.856782
0.123878
0.558648
0.475349
0.666913
0.961834
0.494871
0.524622
0.280840
0.645787
0.673945
0.032520
0.265165
0.779952
0.462545
0.808743
0.593305
0.958842
0.928349
0.097269
0.206953
0.039021
0.896552
0.364388
0.443672
0.045735
0.833382
0.579380
0.565535
0.915418
0.673945
0.517910
0.431323
0.652832
0.845248
0.077396
0.210617
0.593305
0.645787
0.808743
0.932418
0.958842
0.680967
0.159489
0.214332
0.531367
0.906211
0.726032
0.431323
0.046710
0.299727
0.043403
0.065784
0.035052
