0.048179
0.164528
0.242922
0.084879
0.334661
0.914888
0.319322
0.038774
0.296648
0.040331
0.486095
0.889272
0.071996
0.778270
0.308305
0.182805
0.804019
0.488920
0.557736
0.513230
0.309236
0.309587
0.810307
0.594344
0.224919
0.284990
0.827181
0.550937
0.327521
0.241803
0.285827
0.236110
0.510350
0.702801
0.771757
0.818328
0.185205
0.033958
0.079064
0.225316
0.754141
0.673371
0.786306
0.283109
0.168114
0.358730
0.554547
0.484791
0.172795
0.336669
0.252883
0.718232
0.732010
0.513221
0.851947
0.929456
0.527734
0.168191
0.945163
0.145929
0.711492
0.123641
0.184600
0.508937
0.493464
0.611506
0.783731
0.389784
0.396598
0.120754
0.391386
0.914160
0.502690
0.165656
0.609420
0.267826
0.169259
0.027272
0.169574
0.149949
0.916193
0.457159
0.313272
0.399437
0.470474
0.532439
0.554987
0.517290
0.067808
0.606224
0.783363
0.988821
0.612275
0.320395
0.027784
0.654028
0.739643
0.965493
0.697948
0.725584
