0.848985
0.262156
0.164362
0.749162
0.142514
0.999540
0.261722
0.506094
0.207617
0.503318
0.937156
0.015503
0.981541
0.482819
0.923200
0.522005
0.178040
0.810482
0.149857
0.377268
0.687725
0.495931
0.977581
0.606466
0.674497
0.187533
0.933178
0.102710
0.872931
0.317293
0.315313
0.627730
0.435049
0.898062
0.765650
0.689159
0.020417
0.406950
0.536895
0.922489
0.024897
0.764128
0.173767
0.849910
0.952541
0.021445
0.810281
0.271219
0.631273
0.949268
0.993821
0.144534
0.078859
0.876736
0.608707
0.778481
0.027032
0.019338
0.143372
0.888739
0.414497
0.522834
0.824860
0.278733
0.953560
0.253149
0.117898
0.778367
0.535255
0.577608
0.825493
0.603061
0.018303
0.218152
0.441254
0.779367
0.262301
0.060099
0.404653
0.537461
0.909408
0.763489
0.985077
0.408964
0.358975
0.109566
0.659192
0.148780
0.401551
0.081856
0.254118
0.721355
0.026409
0.888344
0.669317
0.596351
0.852721
0.813701
0.187173
0.124262
