0.459300
0.435391
0.167587
0.128511
0.173830
0.645516
0.631227
0.017313
0.423711
0.689157
0.133614
0.496504
0.238000
0.841481
0.952156
0.092957
0.968093
0.857153
0.841481
1.000000
0.703945
0.065768
0.904483
0.779478
0.825871
0.984043
0.357573
0.825871
0.071861
0.357573
0.920344
0.984043
0.779478
0.459300
0.904483
0.096914
0.703945
0.337055
0.045500
0.810330
0.496504
0.748968
0.246049
0.936237
0.027807
0.575479
0.888660
0.703945
0.133614
0.062886
0.920344
0.718847
0.872881
0.193601
0.888660
0.057433
0.857153
0.535258
0.674485
0.357573
0.841481
0.144290
0.118760
0.952156
0.689157
0.920344
0.561915
0.872881
0.081859
0.936237
0.423711
0.674485
0.289145
0.167587
0.161513
0.368120
0.471525
0.060108
0.733857
0.435391
0.617075
0.447255
0.904483
0.022608
0.535258
0.447255
0.327086
0.193601
0.092957
0.133614
0.207669
0.522173
0.764177
0.238000
0.128511
0.764177
0.400908
0.459300
0.968093
0.378859
