0.483106
0.102352
0.170864
0.185914
0.247113
0.335104
0.557894
0.022813
0.095407
0.841060
0.252025
0.393884
0.262075
0.366904
0.393884
0.069717
0.557894
0.694207
0.393884
0.904602
0.242276
0.060014
0.475200
0.638394
0.366904
0.889834
0.277729
0.948586
0.134500
0.125771
0.467379
0.400844
0.722386
0.507320
0.943118
0.040682
0.575344
0.311174
0.033697
0.163718
0.272433
0.986713
0.422245
0.937363
0.015170
0.750520
0.507320
0.823636
0.102352
0.034625
0.214793
0.267215
0.866193
0.311174
0.953762
0.019760
0.557894
0.874256
0.925027
0.214793
0.882140
0.140591
0.045215
0.317033
0.288556
0.925027
0.557894
0.874256
0.024839
0.491095
0.694207
0.925027
0.214793
0.232825
0.122968
0.475200
0.483106
0.034625
0.206201
0.400844
0.787595
0.722386
0.963210
0.018645
0.882140
0.353930
0.429552
0.223666
0.134500
0.134500
0.415025
0.444425
0.857965
0.202009
0.153454
0.415025
0.549275
0.146908
0.931330
0.347570
