0.575344
0.483106
0.182055
0.146908
0.228209
0.131536
0.305398
0.023471
0.475200
0.483106
0.189838
0.097677
0.387010
0.515555
0.436946
0.112266
0.523869
0.857965
0.549275
0.904602
0.483106
0.088862
0.566584
0.889834
0.532261
0.874256
0.684836
0.778399
0.131536
0.647610
0.393884
0.387010
0.948586
0.638394
0.857965
0.143721
0.911652
0.232825
0.063110
0.267215
0.436946
0.874256
0.335104
0.975089
0.033697
0.593063
0.629223
0.483106
0.232825
0.086767
0.262075
0.507320
0.722386
0.353930
0.992529
0.097677
0.722386
0.483106
0.958638
0.467379
0.703594
0.252025
0.228209
0.283103
0.575344
0.975089
0.731779
0.971436
0.156815
0.557894
0.483106
0.958638
0.366904
0.299704
0.294090
0.540731
0.228209
0.082701
0.393884
0.247113
0.958638
0.532261
0.992529
0.022170
0.422245
0.823636
0.638394
0.223666
0.185914
0.193828
0.219194
0.722386
0.584171
0.232825
0.073236
0.483106
0.602017
0.584171
0.953762
0.507320
