0.483106
0.575344
0.102352
0.483106
0.170864
0.182055
0.185914
0.146908
0.247113
0.228209
0.335104
0.131536
0.557894
0.305398
0.022813
0.023471
0.095407
0.475200
0.841060
0.483106
0.252025
0.189838
0.393884
0.097677
0.262075
0.387010
0.366904
0.515555
0.393884
0.436946
0.069717
0.112266
0.557894
0.523869
0.694207
0.857965
0.393884
0.549275
0.904602
0.904602
0.242276
0.483106
0.060014
0.088862
0.475200
0.566584
0.638394
0.889834
0.366904
0.532261
0.889834
0.874256
0.277729
0.684836
0.948586
0.778399
0.134500
0.131536
0.125771
0.647610
0.467379
0.393884
0.400844
0.387010
0.722386
0.948586
0.507320
0.638394
0.943118
0.857965
0.040682
0.143721
0.575344
0.911652
0.311174
0.232825
0.033697
0.063110
0.163718
0.267215
0.272433
0.436946
0.986713
0.874256
0.422245
0.335104
0.937363
0.975089
0.015170
0.033697
0.750520
0.593063
0.507320
0.629223
0.823636
0.483106
0.102352
0.232825
0.034625
0.086767
0.214793
0.262075
0.267215
0.507320
0.866193
0.722386
0.311174
0.353930
0.953762
0.992529
0.019760
0.097677
0.557894
0.722386
0.874256
0.483106
0.925027
0.958638
0.214793
0.467379
0.882140
0.703594
0.140591
0.252025
0.045215
0.228209
0.317033
0.283103
0.288556
0.575344
0.925027
0.975089
0.557894
0.731779
0.874256
0.971436
0.024839
0.156815
0.491095
0.557894
0.694207
0.483106
0.925027
0.958638
0.214793
0.366904
0.232825
0.299704
0.122968
0.294090
0.475200
0.540731
0.483106
0.228209
0.034625
0.082701
0.206201
0.393884
0.400844
0.247113
0.787595
0.958638
0.722386
0.532261
0.963210
0.992529
0.018645
0.022170
0.882140
0.422245
0.353930
0.823636
0.429552
0.638394
0.223666
0.223666
0.134500
0.185914
0.134500
0.193828
0.415025
0.219194
0.444425
0.722386
0.857965
0.584171
0.202009
0.232825
0.153454
0.073236
0.415025
0.483106
0.549275
0.602017
0.146908
0.584171
0.931330
0.953762
0.347570
0.507320
