0.547036
0.173956
0.357292
0.426617
0.066564
0.290283
0.088547
0.335057
0.367282
0.178686
0.159195
0.331563
0.446086
0.895577
0.629078
0.169315
0.535937
0.709183
0.145359
0.342984
0.502709
0.258817
0.704593
0.884186
0.252778
0.117726
0.433402
0.605297
0.566193
0.397001
0.343871
0.015146
0.030128
0.480696
0.552080
0.397945
0.093943
0.677477
0.507731
0.214976
0.995805
0.899204
0.271153
0.360911
0.948396
0.772801
0.575252
0.950599
0.522829
0.268814
0.139780
0.240232
0.558131
0.449028
0.611268
0.046745
0.541991
0.073231
0.800715
0.409330
0.288661
0.104708
0.288661
0.840692
0.417944
0.804551
0.290283
0.692538
0.392297
0.261869
0.139780
0.891865
0.401727
0.080108
0.080433
0.277447
0.187178
0.899715
0.286236
0.378316
0.315215
0.513765
0.899715
0.987818
0.344758
0.163077
0.998076
0.938127
0.752640
0.835187
0.418904
0.507731
0.101930
0.601309
0.425650
0.304276
0.701826
0.391359
0.089961
0.341215
