0.022669
0.157494
0.439868
0.374306
0.499514
0.587007
0.499514
0.439868
0.499514
0.203766
0.949536
0.862457
0.862457
0.713852
0.713852
0.203766
0.212245
0.441306
0.203766
0.203766
0.004936
0.203766
0.159044
0.153190
0.648387
0.862457
0.212245
0.949536
0.587007
0.949536
0.499514
0.587007
0.713852
0.153190
0.499514
0.499514
0.862457
0.374306
0.439868
0.949536
0.374306
0.330688
0.439868
0.441306
0.949536
0.157494
0.862457
0.949536
0.157494
0.587007
0.374306
0.862457
0.037210
0.862457
0.713852
0.499514
0.439868
0.499514
0.330688
0.159044
0.441306
0.203766
0.374306
0.441306
0.587007
0.157494
0.441306
0.949536
0.587007
0.713852
0.862457
0.039717
0.949536
0.499514
0.713852
0.441306
0.499514
0.862457
0.441306
0.713852
0.862457
0.153190
0.374306
0.212245
0.374306
0.862457
0.374306
0.587007
0.157494
0.587007
0.374306
0.157494
0.713852
0.949536
0.499514
0.441306
0.374306
0.648387
0.439868
0.713852
