0.040169
0.020191
0.814115
0.196362
0.596553
0.416913
0.048805
0.807247
0.870394
0.064661
0.271791
0.365406
0.248178
0.662509
0.756904
0.605285
0.585834
0.162991
0.907627
0.945524
0.944988
0.351012
0.355377
0.532261
0.711889
0.958473
0.446019
0.188166
0.159524
0.872707
0.019779
0.837426
0.508939
0.997606
0.339100
0.075716
0.377419
0.315444
0.586962
0.778688
0.081609
0.463314
0.788725
0.613552
0.514209
0.244204
0.982221
0.598772
0.023469
0.338988
0.685945
0.568026
0.634108
0.144756
0.630420
0.703226
0.651789
0.906515
0.644867
0.770237
0.335490
0.451553
0.961502
0.074267
0.860011
0.310371
0.744028
0.858508
0.930085
0.370974
0.059534
0.738249
0.002966
0.918969
0.605335
0.832163
0.393714
0.143039
0.315526
0.755410
0.213374
0.675274
0.240382
0.353976
0.927335
0.430732
0.900263
0.212952
0.992947
0.496174
0.741674
0.989589
0.206706
0.167998
0.161734
0.214215
0.685284
0.648944
0.306178
0.240649
