0.000000
0.359173
0.629483
0.388206
0.639128
0.870153
0.619757
0.448061
0.228568
0.312637
0.448061
0.864631
0.359173
0.949792
0.378448
0.321735
0.778440
0.648688
0.639128
0.934959
0.509174
0.947063
0.685953
0.378448
0.417890
0.667525
0.312637
0.793421
0.834641
0.712745
0.814738
0.407933
0.952407
0.658155
0.109819
0.312637
0.388206
0.007774
0.639128
0.349667
0.340255
0.834641
0.277427
0.509174
0.398036
0.685953
0.388206
0.800682
0.448061
0.109819
0.834641
0.973015
0.437960
0.468362
0.746703
0.417890
0.729989
0.448061
0.858951
0.770724
0.349667
0.934959
0.312637
0.703934
0.770724
0.498961
0.570120
0.260586
0.721432
0.609955
0.159038
0.378448
0.252369
0.000684
0.853113
0.549912
0.100561
0.407933
0.388206
0.303653
0.619757
0.658155
0.498961
0.340255
0.890679
0.171698
0.023344
0.378448
0.109819
0.488750
0.437960
0.340255
0.949792
0.580161
0.834641
0.277427
0.349667
0.952407
0.814738
0.639128
