0.000000
0.680031
0.448150
0.640142
0.619588
0.520191
0.853213
0.317922
0.337466
0.441005
0.534607
0.724078
0.212481
0.857365
0.384759
0.441005
0.717969
0.527403
0.884218
0.936430
0.371030
0.699266
0.292651
0.717969
0.462490
0.717969
0.563296
0.563296
0.742010
0.853213
0.742010
0.505753
0.747852
0.364227
0.197157
0.498531
0.433881
0.109522
0.764955
0.692911
0.462490
0.753624
0.476883
0.391681
0.398638
0.491310
0.182527
0.705561
0.330898
0.159708
0.884218
0.844668
0.455312
0.584615
0.844668
0.469681
0.591671
0.090665
0.775994
0.177806
0.344084
0.724078
0.377875
0.717969
0.512974
0.775994
0.159708
0.484094
0.781403
0.786736
0.520191
0.680031
0.330898
0.010689
0.904217
0.512974
0.330898
0.274341
0.138854
0.192203
0.633331
0.817120
0.090665
0.680031
0.913212
0.357467
0.064784
0.233970
0.337466
0.426779
0.705561
0.350752
0.913212
0.646909
0.775994
0.239526
0.268368
0.894558
0.371030
0.462490
