0.000000
0.000000
0.359173
0.680031
0.629483
0.448150
0.388206
0.640142
0.639128
0.619588
0.870153
0.520191
0.619757
0.853213
0.448061
0.317922
0.228568
0.337466
0.312637
0.441005
0.448061
0.534607
0.864631
0.724078
0.359173
0.212481
0.949792
0.857365
0.378448
0.384759
0.321735
0.441005
0.778440
0.717969
0.648688
0.527403
0.639128
0.884218
0.934959
0.936430
0.509174
0.371030
0.947063
0.699266
0.685953
0.292651
0.378448
0.717969
0.417890
0.462490
0.667525
0.717969
0.312637
0.563296
0.793421
0.563296
0.834641
0.742010
0.712745
0.853213
0.814738
0.742010
0.407933
0.505753
0.952407
0.747852
0.658155
0.364227
0.109819
0.197157
0.312637
0.498531
0.388206
0.433881
0.007774
0.109522
0.639128
0.764955
0.349667
0.692911
0.340255
0.462490
0.834641
0.753624
0.277427
0.476883
0.509174
0.391681
0.398036
0.398638
0.685953
0.491310
0.388206
0.182527
0.800682
0.705561
0.448061
0.330898
0.109819
0.159708
0.834641
0.884218
0.973015
0.844668
0.437960
0.455312
0.468362
0.584615
0.746703
0.844668
0.417890
0.469681
0.729989
0.591671
0.448061
0.090665
0.858951
0.775994
0.770724
0.177806
0.349667
0.344084
0.934959
0.724078
0.312637
0.377875
0.703934
0.717969
0.770724
0.512974
0.498961
0.775994
0.570120
0.159708
0.260586
0.484094
0.721432
0.781403
0.609955
0.786736
0.159038
0.520191
0.378448
0.680031
0.252369
0.330898
0.000684
0.010689
0.853113
0.904217
0.549912
0.512974
0.100561
0.330898
0.407933
0.274341
0.388206
0.138854
0.303653
0.192203
0.619757
0.633331
0.658155
0.817120
0.498961
0.090665
0.340255
0.680031
0.890679
0.913212
0.171698
0.357467
0.023344
0.064784
0.378448
0.233970
0.109819
0.337466
0.488750
0.426779
0.437960
0.705561
0.340255
0.350752
0.949792
0.913212
0.580161
0.646909
0.834641
0.775994
0.277427
0.239526
0.349667
0.268368
0.952407
0.894558
0.814738
0.371030
0.639128
0.462490
