0.212281
0.675578
0.286236
0.053324
0.230905
0.709183
0.181085
0.424684
0.116850
0.527869
0.438268
0.318622
0.017810
0.801486
0.688795
0.903245
0.013389
0.362726
0.109607
0.159195
0.062228
0.331563
0.295180
0.065183
0.152163
0.802254
0.817296
0.376468
0.860369
0.759448
0.571228
0.128630
0.189655
0.330692
0.238059
0.374623
0.287043
0.239506
0.096925
0.696265
0.370945
0.401727
0.079462
0.354589
0.241688
0.643782
0.328954
0.057880
0.211611
0.653504
0.757754
0.308459
0.306782
0.787386
0.296823
0.221811
0.020576
0.477707
0.052176
0.659302
0.085431
0.514772
0.425650
0.515778
0.993732
0.001921
0.666991
0.286236
0.406473
0.136313
0.174542
0.917877
0.300951
0.119049
0.224584
0.093943
0.859738
0.137791
0.123997
0.572234
0.153765
0.049073
0.369112
0.082403
0.559139
0.083068
0.072034
0.250535
0.475717
0.895577
0.404572
0.657372
0.610274
0.365457
0.303443
0.011038
0.395117
0.092843
0.649623
0.106322
