0.109599
0.186835
0.561915
0.128511
0.459300
0.968093
0.631227
0.008793
0.096914
0.155608
0.509254
0.471525
0.007814
0.307728
0.888660
0.065768
0.014687
0.347218
0.575479
0.589197
0.522173
0.246049
0.575479
0.357573
0.447255
0.280142
0.238000
0.057433
0.032355
0.347218
0.029257
0.522173
0.841481
0.589197
0.589197
0.412216
0.230139
0.230139
0.378859
0.733857
0.447255
0.078408
0.118760
0.603064
0.888660
0.825871
0.904483
0.423711
0.238000
0.718847
0.968093
0.496504
0.575479
0.271332
0.186835
0.214975
0.298340
0.968093
0.659937
0.123560
0.105232
0.535258
0.718847
0.888660
0.920344
0.423711
0.307728
0.872881
0.703945
0.810330
0.378859
0.764177
0.062886
0.984043
0.841481
0.459300
0.589197
0.173830
0.089131
0.149867
0.246049
1.000000
0.631227
0.109599
0.186835
0.471525
0.589197
0.968093
0.904483
0.589197
0.105232
0.872881
0.603064
0.810330
0.522173
0.810330
0.289145
0.337055
0.045500
0.631227
