0.223740
0.302653
0.505820
0.530918
0.770222
0.833370
0.351788
0.743824
0.006743
0.403700
0.012226
0.919598
0.900310
0.808714
0.770222
0.445841
0.609193
0.268811
0.253044
0.599143
0.743824
0.556559
0.002347
0.821154
0.293887
0.320749
0.690064
0.543677
0.369454
0.910170
0.197288
0.959424
0.945039
0.595898
0.690064
0.302653
0.569565
0.530918
0.179217
0.743829
0.649488
0.530914
0.320735
0.856990
0.703577
0.543672
0.293897
0.952501
0.088344
0.783222
0.845318
0.004158
0.496494
0.505815
0.359320
0.928569
0.508856
0.649488
0.985572
0.253041
0.636001
0.845322
0.117407
0.238026
0.320746
0.690064
0.757083
0.690059
0.230782
0.120454
0.059751
0.034424
0.197288
0.959424
0.856990
0.595898
0.676533
0.302653
0.569565
0.320749
0.423067
0.743829
0.649488
0.622566
0.330080
0.856990
0.703577
0.112527
0.137819
0.879372
0.821159
0.311588
0.230790
0.703572
0.460373
0.006743
0.690064
0.796060
0.024513
0.757083
