0.723082
0.849384
0.670770
0.818818
0.421718
0.720878
0.673149
0.454997
0.147889
0.806222
0.812070
0.673149
0.703992
0.217696
0.141128
0.720878
0.539018
0.506405
0.585188
0.728018
0.333401
0.623468
0.389230
0.581761
0.911105
0.728018
0.108221
0.840760
0.054133
0.911105
0.883482
0.381704
0.728018
0.849384
0.556665
0.008334
0.735164
0.867438
0.774086
0.490518
0.849384
0.501960
0.369735
0.421328
0.027512
0.581761
0.959450
0.662261
0.753945
0.601154
0.681484
0.703992
0.524754
0.008334
0.338256
0.674340
0.774086
0.480087
0.810769
0.168376
0.310975
0.542317
0.224357
0.581761
0.959450
0.662261
0.634032
0.537249
0.287736
0.139250
0.385626
0.106641
0.911105
0.673149
0.818818
0.211592
0.623468
0.397407
0.338256
0.905643
0.806222
0.440709
0.074969
0.140556
0.807359
0.943438
0.041524
0.219411
0.762186
0.753945
0.634032
0.513756
0.038233
0.047298
0.156883
0.071540
0.322270
0.692224
0.531128
0.685071
