0.117761
0.856503
0.120325
0.349054
0.194767
0.717087
0.727887
0.515419
0.927238
0.149572
0.831970
0.212416
0.149742
0.566076
0.240752
0.632783
0.250663
0.131427
0.335844
0.862306
0.528362
0.928269
0.265782
0.408024
0.755195
0.447670
0.563897
0.153758
0.617697
0.268774
0.614587
0.865704
0.787800
0.990129
0.695022
0.652241
0.332778
0.783053
0.641586
0.954259
0.964912
0.833787
0.868620
0.612590
0.186070
0.042047
0.467300
0.384875
0.637226
0.892452
0.185469
0.594196
0.067517
0.364584
0.206297
0.753154
0.452784
0.541920
0.344528
0.366935
0.859209
0.161618
0.622568
0.408806
0.444974
0.441352
0.793386
0.786888
0.901094
0.706444
0.331363
0.853622
0.358485
0.084590
0.169137
0.452526
0.459502
0.091028
0.319398
0.958989
0.861009
0.248310
0.420776
0.863171
0.985806
0.813336
0.945052
0.153756
0.010100
0.832487
0.020383
0.108745
0.430999
0.535130
0.093418
0.724977
0.647849
0.361604
0.575331
0.719157
