0.309745
0.871393
0.014608
0.380864
0.320789
0.936496
0.001655
0.281244
0.379286
0.566642
0.468813
0.867639
0.191003
0.887272
0.459264
0.456249
0.594576
0.334118
0.031018
0.005218
0.766694
0.609006
0.262481
0.559521
0.445879
0.531708
0.145026
0.050717
0.090947
0.665424
0.318989
0.020111
0.449146
0.471367
0.869784
0.538011
0.703742
0.913524
0.297729
0.468733
0.491048
0.002319
0.347103
0.195091
0.591917
0.622057
0.849016
0.706853
0.781835
0.680127
0.568565
0.020864
0.389148
0.377162
0.167033
0.090513
0.751312
0.485126
0.310525
0.358475
0.114537
0.167192
0.412328
0.527027
0.697311
0.902606
0.776570
0.398236
0.986261
0.960041
0.932821
0.526216
0.858166
0.352844
0.415238
0.251833
0.673904
0.626603
0.746973
0.907168
0.029063
0.311254
0.030844
0.803990
0.379829
0.922397
0.494117
0.823341
0.986005
0.356258
0.040089
0.518237
0.440626
0.622929
0.034580
0.526168
0.540387
0.325267
0.209579
0.697261
