0.925027
0.102352
0.911652
0.037547
0.805785
0.069717
0.769148
0.057048
0.202009
0.137518
0.575344
0.102352
0.904602
0.796727
0.557894
0.971436
0.393884
0.629223
0.666160
0.022813
0.257012
0.373520
0.953762
0.328997
0.841060
0.429552
0.684836
0.360374
0.694207
0.805785
0.294090
0.866193
0.832407
0.444425
0.937363
0.911652
0.008209
0.866193
0.020340
0.874256
0.076905
0.814758
0.057048
0.532261
0.451991
0.620100
0.228209
0.684836
0.731779
0.393884
0.958638
0.294090
0.874256
0.341295
0.422245
0.459642
0.407891
0.483106
0.943118
0.288556
0.088862
0.071458
0.294090
0.602017
0.197884
0.666160
0.156815
0.360374
0.272433
0.656867
0.125771
0.882140
0.237514
0.122968
0.006779
0.027787
0.575344
0.174531
0.897326
0.078797
0.889834
0.114866
0.540731
0.373520
0.335104
0.436946
0.814758
0.575344
0.444425
0.953762
0.593063
0.967477
0.387010
0.540731
0.400844
0.459642
0.540731
0.647610
0.317033
0.088862
