0.874256
0.167260
0.832407
0.033697
0.759852
0.128627
0.889834
0.075051
0.712989
0.178261
0.380222
0.143721
0.841060
0.925027
0.294090
0.963210
0.666160
0.122968
0.990843
0.057048
0.150152
0.228209
0.769148
0.202009
0.675485
0.731779
0.602017
0.584171
0.731779
0.967477
0.299704
0.400844
0.459642
0.849583
0.882140
0.841060
0.004427
0.993982
0.097677
0.953762
0.066343
0.575344
0.104759
0.620100
0.750520
0.787595
0.507320
0.684836
0.638394
0.629223
0.990843
0.475200
0.992529
0.328997
0.769148
0.353930
0.796727
0.475200
0.722386
0.540731
0.063110
0.071458
0.031905
0.712989
0.076905
0.283103
0.082701
0.507320
0.675485
0.566584
0.088862
0.415025
0.491095
0.299704
0.004140
0.033697
0.778399
0.415025
0.975089
0.071458
0.566584
0.193828
0.335104
0.741159
0.805785
0.549275
0.393884
0.918464
0.882140
0.984242
0.703594
0.722386
0.429552
0.703594
0.459642
0.841060
0.532261
0.694207
0.769148
0.055614
