0.874256
0.925027
0.167260
0.102352
0.832407
0.911652
0.033697
0.037547
0.759852
0.805785
0.128627
0.069717
0.889834
0.769148
0.075051
0.057048
0.712989
0.202009
0.178261
0.137518
0.380222
0.575344
0.143721
0.102352
0.841060
0.904602
0.925027
0.796727
0.294090
0.557894
0.963210
0.971436
0.666160
0.393884
0.122968
0.629223
0.990843
0.666160
0.057048
0.022813
0.150152
0.257012
0.228209
0.373520
0.769148
0.953762
0.202009
0.328997
0.675485
0.841060
0.731779
0.429552
0.602017
0.684836
0.584171
0.360374
0.731779
0.694207
0.967477
0.805785
0.299704
0.294090
0.400844
0.866193
0.459642
0.832407
0.849583
0.444425
0.882140
0.937363
0.841060
0.911652
0.004427
0.008209
0.993982
0.866193
0.097677
0.020340
0.953762
0.874256
0.066343
0.076905
0.575344
0.814758
0.104759
0.057048
0.620100
0.532261
0.750520
0.451991
0.787595
0.620100
0.507320
0.228209
0.684836
0.684836
0.638394
0.731779
0.629223
0.393884
0.990843
0.958638
0.475200
0.294090
0.992529
0.874256
0.328997
0.341295
0.769148
0.422245
0.353930
0.459642
0.796727
0.407891
0.475200
0.483106
0.722386
0.943118
0.540731
0.288556
0.063110
0.088862
0.071458
0.071458
0.031905
0.294090
0.712989
0.602017
0.076905
0.197884
0.283103
0.666160
0.082701
0.156815
0.507320
0.360374
0.675485
0.272433
0.566584
0.656867
0.088862
0.125771
0.415025
0.882140
0.491095
0.237514
0.299704
0.122968
0.004140
0.006779
0.033697
0.027787
0.778399
0.575344
0.415025
0.174531
0.975089
0.897326
0.071458
0.078797
0.566584
0.889834
0.193828
0.114866
0.335104
0.540731
0.741159
0.373520
0.805785
0.335104
0.549275
0.436946
0.393884
0.814758
0.918464
0.575344
0.882140
0.444425
0.984242
0.953762
0.703594
0.593063
0.722386
0.967477
0.429552
0.387010
0.703594
0.540731
0.459642
0.400844
0.841060
0.459642
0.532261
0.540731
0.694207
0.647610
0.769148
0.317033
0.055614
0.088862
