0.708915
0.593305
0.009726
0.225794
0.218100
0.511232
0.558648
0.694975
0.214332
0.020750
0.456208
0.766726
0.856782
0.340199
0.375557
0.708915
0.041598
0.114725
0.462545
0.680967
0.799391
0.375557
0.046710
0.063139
0.404413
0.299727
0.233700
0.165451
0.290171
0.645787
0.856782
0.521438
0.189398
0.358886
0.348045
0.919848
0.252167
0.538143
0.340199
0.802412
0.319514
0.521438
0.329745
0.065784
0.896552
0.851058
0.593305
0.494871
0.084666
0.223749
0.766726
0.673945
0.063139
0.260777
0.891559
0.369946
0.779952
0.760042
0.361775
0.334944
0.773363
0.361775
0.701955
0.045279
0.110374
0.839356
0.915418
0.873406
0.334944
0.102105
0.684290
0.099199
0.247945
0.631702
0.345510
0.227647
0.666913
0.833382
0.528168
0.845248
0.501457
0.779952
0.181174
0.283274
0.746548
0.739743
0.431323
0.753315
0.488323
0.404413
0.004493
0.381222
0.481816
0.970039
0.701955
0.108254
0.034305
0.839356
0.074331
0.348045
