0.468925
0.586333
0.314483
0.773363
0.896552
0.052975
0.481816
0.274108
0.988575
0.319514
0.392713
0.386941
0.680967
0.579380
0.766726
0.919848
0.910872
0.071377
0.265165
0.760042
0.964698
0.760042
0.071377
0.386941
0.753315
0.044778
0.680967
0.392713
0.304589
0.410341
0.666913
0.970039
0.252167
0.319514
0.833382
0.475349
0.005239
0.964698
0.760042
0.694975
0.821206
0.494871
0.910872
0.252167
0.199779
0.095372
0.972517
0.468925
0.416320
0.617636
0.851058
0.449917
0.033573
0.878757
0.760042
0.851058
0.746548
0.082990
0.851058
0.260777
0.329745
0.851058
0.488323
0.739743
0.375557
0.666913
0.508082
0.919848
0.766726
0.386941
0.041598
0.544950
0.148107
0.285477
0.687978
0.600293
0.827331
0.924159
0.013697
0.993324
0.260777
0.924159
0.593305
0.607295
0.572447
0.786488
0.099199
0.123878
0.928349
0.760042
0.398537
0.462545
0.404413
0.766726
0.659874
0.687978
0.084666
0.558648
0.919848
0.023426
