0.687978
0.839356
0.779952
0.773363
0.773363
0.901437
0.342708
0.766726
0.862416
0.961834
0.364388
0.239663
0.114725
0.227647
0.309508
0.760042
0.932418
0.827331
0.173082
0.119225
0.524622
0.145372
0.210617
0.229720
0.119225
0.269609
0.856782
0.687978
0.746548
0.589633
0.544950
0.364388
0.002187
0.851058
0.434555
0.243777
0.340199
0.392713
0.652832
0.531367
0.786488
0.551785
0.694975
0.906211
0.531367
0.358886
0.739743
0.060591
0.114725
0.453223
0.551785
0.162447
0.488323
0.833382
0.544950
0.422349
0.358886
0.082990
0.187800
0.134857
0.233700
0.779952
0.924159
0.593305
0.961834
0.267263
0.186038
0.375557
0.020293
0.558648
0.361775
0.153709
0.501457
0.475349
0.983870
0.538143
0.792968
0.223749
0.005181
0.839356
0.015690
0.297443
0.544950
0.967432
0.294921
0.468925
0.551785
0.269609
0.243777
0.766726
0.666913
0.645787
0.108254
0.375557
0.719131
0.137423
0.177934
0.159489
0.274108
0.334944
