0.932418
0.348045
0.060002
0.551785
0.153709
0.021216
0.119225
0.928349
0.182726
0.047704
0.011032
0.514742
0.766726
0.901437
0.687978
0.182726
0.680967
0.025028
0.001961
0.766726
0.833382
0.494871
0.018980
0.924159
0.153709
0.964698
0.235604
0.265165
0.014333
0.260777
0.919848
0.558648
0.488323
0.142680
0.260777
0.544950
0.779952
0.437474
0.991157
0.936363
0.746548
0.579380
0.437474
0.003103
0.064449
0.600293
0.915418
0.319514
0.375557
0.196269
0.760042
0.247945
0.494871
0.732903
0.991157
0.218100
0.827331
0.792968
0.494871
0.915418
0.845248
0.638743
0.906211
0.011549
0.369946
0.069940
0.673945
0.967432
0.839356
0.145372
0.551785
0.827331
0.856782
0.153709
0.827331
0.932418
0.845248
0.753315
0.694975
0.792968
0.659874
0.906211
0.392713
0.381222
0.294921
0.247945
0.247945
0.792968
0.932418
0.145372
0.020750
0.034305
0.440730
0.572447
0.739743
0.203341
0.114725
0.991157
0.753315
0.906211
