0.972517
0.531367
0.680967
0.468925
0.538143
0.256445
0.572447
0.381222
0.739743
0.196269
0.739743
0.833382
0.199779
0.345510
0.910872
0.294921
0.126262
0.524622
0.565535
0.314483
0.579380
0.572447
0.462545
0.839356
0.021693
0.964698
0.544950
0.652832
0.015340
0.159489
0.252167
0.673945
0.862416
0.631702
0.252167
0.029816
0.449917
0.132333
0.739743
0.666913
0.032520
0.779952
0.304589
0.468925
0.462545
0.304589
0.398537
0.404413
0.732903
0.919848
0.475349
0.150886
0.321917
0.199779
0.375557
0.119225
0.521438
0.833382
0.631702
0.119225
0.302279
0.256445
0.992290
0.358886
0.256445
0.123878
0.037386
0.572447
0.779952
0.456208
0.659874
0.404413
0.106169
0.431323
0.116956
0.247945
0.072841
0.924159
0.910872
0.014661
0.422349
0.422349
0.558648
0.821206
0.802412
0.269609
0.862416
0.280840
0.206953
0.624665
0.256445
0.456208
0.314483
0.558648
0.488323
0.659874
0.652832
0.958842
0.022675
0.219903
