0.319514
0.428427
0.687978
0.673945
0.680967
0.753315
0.243777
0.851058
0.961834
0.579380
0.375557
0.766726
0.673945
0.786488
0.007894
0.786488
0.779952
0.239663
0.845248
0.845248
0.786488
0.319514
0.089877
0.245964
0.459538
0.186038
0.928349
0.687978
0.645787
0.309508
0.766726
0.174743
0.928349
0.003179
0.446953
0.312119
0.544950
0.356298
0.967432
0.551785
0.701955
0.673945
0.760042
0.839356
0.156577
0.906211
0.786488
0.177934
0.019408
0.350877
0.098280
0.586333
0.404413
0.508082
0.964698
0.558648
0.701955
0.833382
0.680967
0.624665
0.309508
0.985553
0.334944
0.680967
0.906211
0.247945
0.404413
0.404413
0.799391
0.001129
0.521438
0.201647
0.481816
0.428427
0.993324
0.726032
0.440730
0.915418
0.381222
0.856782
0.182726
0.958842
0.538143
0.753315
0.856782
0.544950
0.123878
0.196269
0.565535
0.915418
0.579380
0.375557
0.773363
0.392713
0.225794
0.008080
0.856782
0.098280
0.614310
0.987120
