0.991157
0.621335
0.521438
0.514742
0.434555
0.256445
0.766726
0.991157
0.722767
0.600293
0.475349
0.680967
0.304589
0.276259
0.694975
0.521438
0.715853
0.821206
0.766726
0.021693
0.544950
0.456208
0.005561
0.999213
0.680967
0.565535
0.607295
0.361775
0.243777
0.862416
0.039021
0.732903
0.726032
0.063825
0.961834
0.970039
0.398537
0.666913
0.511232
0.600293
0.334944
0.862416
0.367306
0.494871
0.324601
0.779952
0.142680
0.173082
0.607295
0.210617
0.915418
0.398537
0.773363
0.443672
0.726032
0.494871
0.446953
0.494871
0.386941
0.739743
0.856782
0.239663
0.786488
0.521438
0.404413
0.753315
0.153709
0.821206
0.375557
0.528168
0.538143
0.928349
0.746548
0.786488
0.216111
0.579380
0.334944
0.621335
0.851058
0.659874
0.815009
0.004941
0.572447
0.932418
0.988575
0.936363
0.021216
0.007894
0.851058
0.799391
0.233700
0.732903
0.680967
0.069940
0.413167
0.786488
0.269609
0.915418
0.159489
0.867958
