0.115895
0.314483
0.514742
0.687978
0.269609
0.631702
0.808743
0.233700
0.494871
0.551785
0.565535
0.123878
0.319514
0.290171
0.501457
0.260777
0.694975
0.524622
0.069940
0.572447
0.652832
0.097269
0.631702
0.839356
0.114725
0.456208
0.652832
0.440730
0.610616
0.896552
0.404413
0.304589
0.260777
0.067143
0.988575
0.089877
0.517910
0.067143
0.827331
0.508082
0.206953
0.687978
0.329745
0.243777
0.901437
0.501457
0.659874
0.110374
0.833382
0.119225
0.924159
0.078138
0.468925
0.060591
0.845248
0.121532
0.593305
0.274108
0.698284
0.021216
0.607295
0.753315
0.171598
0.501457
0.726032
0.443672
0.494871
0.659874
0.029174
0.049752
0.999213
0.488323
0.042921
0.086372
0.746548
0.687978
0.162447
0.252167
0.773363
0.624665
0.088109
0.786488
0.753315
0.381222
0.456208
0.753315
0.059353
0.345510
0.579380
0.329745
0.659874
0.815009
0.260777
0.839356
0.064449
0.501457
0.150886
0.760042
0.060591
0.319514
