0.999417
0.243777
0.970039
0.153709
0.967432
0.023183
0.162447
0.958842
0.558648
0.434555
0.299727
0.896552
0.792968
0.145372
0.732903
0.896552
0.410341
0.260777
0.732903
0.924159
0.475349
0.517910
0.572447
0.276259
0.992290
0.049752
0.153709
0.992290
0.023700
0.392713
0.659874
0.845248
0.802412
0.961834
0.425222
0.999213
0.089877
0.123878
0.967432
0.958842
0.179463
0.364388
0.304589
0.534929
0.038195
0.638743
0.508082
0.796018
0.991157
0.891559
0.443672
0.901437
0.269609
0.631702
0.845248
0.839356
0.056945
0.186038
0.422349
0.593305
0.044332
0.309508
0.294921
0.967432
0.075850
0.839356
0.558648
0.404413
0.631702
0.961834
0.712205
0.739743
0.189398
0.786488
0.192809
0.196269
0.437474
0.337426
0.128687
0.416320
0.792968
0.031824
0.886460
0.652832
0.945583
0.624665
0.027928
0.199779
0.958842
0.896552
0.701955
0.252167
0.891559
0.786488
0.182726
0.958842
0.987120
0.610616
0.652832
0.319514
