0.227647
0.856782
0.687978
0.739743
0.708915
0.488323
0.299727
0.538143
0.779952
0.416320
0.680967
0.089877
0.808743
0.985553
0.666913
0.915418
0.792968
0.572447
0.227647
0.082206
0.290171
0.586333
0.910872
0.314483
0.645787
0.746548
0.915418
0.799391
0.572447
0.294921
0.214332
0.290171
0.773363
0.565535
0.475349
0.381222
0.659874
0.808743
0.488323
0.551785
0.586333
0.364388
0.924159
0.494871
0.579380
0.123878
0.227647
0.375557
0.708915
0.410341
0.504591
0.760042
0.915418
0.815009
0.274108
0.375557
0.392713
0.369946
0.468925
0.958842
0.375557
0.189398
0.544950
0.936363
0.404413
0.150886
0.210617
0.631702
0.845248
0.845248
0.572447
0.196269
0.753315
0.364388
0.845248
0.746548
0.924159
0.462545
0.216111
0.773363
0.821206
0.475349
0.827331
0.309508
0.528168
0.827331
0.991157
0.051880
0.565535
0.786488
0.878757
0.031141
0.037386
0.314483
0.886460
0.786488
0.680967
0.610616
0.659874
0.851058
