0.722767
0.481816
0.488323
0.607295
0.119225
0.949090
0.229720
0.593305
0.329745
0.886460
0.260777
0.475349
0.329745
0.334944
0.004602
0.579380
0.410341
0.802412
0.356298
0.159489
0.760042
0.199779
0.003989
0.044332
0.600293
0.701955
0.779952
0.159489
0.983870
0.229720
0.324601
0.766726
0.572447
0.227647
0.030472
0.786488
0.356298
0.799391
0.910872
0.059353
0.095372
0.694975
0.334944
0.617636
0.334944
0.386941
0.773363
0.410341
0.142680
0.061853
0.528168
0.786488
0.534929
0.924159
0.381222
0.227647
0.074331
0.600293
0.631702
0.631702
0.760042
0.949090
0.521438
0.375557
0.243777
0.065148
0.551785
0.345510
0.579380
0.000132
0.003584
0.867958
0.340199
0.715853
0.494871
0.018149
0.468925
0.673945
0.565535
0.203341
0.952469
0.739743
0.910872
0.753315
0.046710
0.097269
0.443672
0.779952
0.410341
0.404413
0.638743
0.468925
0.329745
0.586333
0.475349
0.004712
0.013697
0.453223
0.508082
0.701955
