0.799391
0.779952
0.607295
0.701955
0.593305
0.924159
0.680967
0.356298
0.760042
0.607295
0.851058
0.210617
0.156577
0.856782
0.833382
0.779952
0.694975
0.856782
0.488323
0.029174
0.501457
0.851058
0.910872
0.873406
0.792968
0.815009
0.856782
0.786488
0.924159
0.398537
0.016048
0.856782
0.919848
0.475349
0.514742
0.701955
0.082990
0.290171
0.715853
0.531367
0.386941
0.786488
0.845248
0.687978
0.856782
0.008867
0.687978
0.851058
0.443672
0.607295
0.799391
0.068529
0.475349
0.462545
0.766726
0.760042
0.375557
0.915418
0.392713
0.218100
0.773363
0.792968
0.614310
0.773363
0.924159
0.269609
0.114725
0.924159
0.919848
0.833382
0.514742
0.867958
0.631702
0.456208
0.218100
0.544950
0.773363
0.047704
0.593305
0.398537
0.680967
0.680967
0.297443
0.494871
0.088109
0.119225
0.839356
0.988575
0.773363
0.404413
0.614310
0.988575
0.141419
0.067143
0.915418
0.910872
0.760042
0.528168
0.666913
0.645787
