0.337426
0.666913
0.839356
0.712205
0.792968
0.617636
0.766726
0.437474
0.168501
0.364388
0.955720
0.666913
0.964698
0.468925
0.048718
0.069940
0.481816
0.531367
0.392713
0.924159
0.955720
0.319514
0.375557
0.786488
0.906211
0.558648
0.732903
0.867958
0.176249
0.666913
0.572447
0.162447
0.055229
0.114725
0.528168
0.456208
0.572447
0.538143
0.456208
0.199779
0.760042
0.886460
0.494871
0.712205
0.952469
0.579380
0.121532
0.023183
0.386941
0.206953
0.345510
0.304589
0.833382
0.753315
0.008867
0.910872
0.815009
0.243777
0.910872
0.886460
0.069940
0.694975
0.524622
0.867958
0.358886
0.851058
0.324601
0.638743
0.016414
0.069940
0.607295
0.203341
0.961834
0.116956
0.449917
0.123878
0.739743
0.638743
0.666913
0.544950
0.134857
0.862416
0.446953
0.808743
0.845248
0.214332
0.456208
0.319514
0.726032
0.162447
0.746548
0.294921
0.579380
0.392713
0.462545
0.159489
0.572447
0.687978
0.558648
0.309508
