0.309508
0.901437
0.659874
0.961834
0.199779
0.924159
0.294921
0.462545
0.462545
0.572447
0.119225
0.551785
0.659874
0.142680
0.309508
0.659874
0.404413
0.739743
0.054091
0.726032
0.845248
0.064449
0.919848
0.862416
0.010536
0.271733
0.739743
0.579380
0.753315
0.314483
0.437474
0.753315
0.182726
0.494871
0.993324
0.358886
0.132333
0.827331
0.983870
0.779952
0.565535
0.449917
0.558648
0.558648
0.239663
0.544950
0.269609
0.705254
0.753315
0.494871
0.845248
0.007025
0.732903
0.808743
0.845248
0.760042
0.638743
0.708915
0.821206
0.054091
0.156577
0.808743
0.652832
0.565535
0.915418
0.443672
0.369946
0.910872
0.084666
0.753315
0.786488
0.631702
0.166890
0.987120
0.955720
0.845248
0.579380
0.901437
0.862416
0.652832
0.375557
0.252167
0.732903
0.148107
0.227647
0.494871
0.005239
0.631702
0.106169
0.392713
0.833382
0.538143
0.915418
0.462545
0.182726
0.260777
0.851058
0.856782
0.076579
0.235604
