0.189398
0.340199
0.398537
0.126262
0.833382
0.428427
0.827331
0.199779
0.392713
0.862416
0.964698
0.952469
0.150886
0.851058
0.481816
0.673945
0.766726
0.680967
0.896552
0.231599
0.673945
0.410341
0.687978
0.694975
0.896552
0.991157
0.119225
0.210617
0.410341
0.739743
0.517910
0.410341
0.924159
0.404413
0.701955
0.739743
0.964698
0.753315
0.652832
0.521438
0.265165
0.040722
0.398537
0.779952
0.398537
0.987120
0.145372
0.851058
0.680967
0.862416
0.779952
0.886460
0.779952
0.896552
0.334944
0.666913
0.345510
0.565535
0.392713
0.766726
0.422349
0.329745
0.206953
0.314483
0.600293
0.565535
0.712205
0.919848
0.856782
0.673945
0.992290
0.475349
0.915418
0.481816
0.544950
0.607295
0.404413
0.680967
0.375557
0.924159
0.218100
0.928349
0.174743
0.708915
0.932418
0.203341
0.481816
0.504591
0.075850
0.123878
0.792968
0.833382
0.827331
0.544950
0.906211
0.607295
0.766726
0.779952
0.631702
0.974869
