0.792968
0.666913
0.572447
0.488323
0.404413
0.386941
0.375557
0.827331
0.680967
0.386941
0.294921
0.739743
0.856782
0.652832
0.494871
0.666913
0.488323
0.304589
0.726032
0.987120
0.416320
0.386941
0.375557
0.165451
0.007894
0.381222
0.565535
0.340199
0.243777
0.544950
0.538143
0.501457
0.833382
0.462545
0.845248
0.001574
0.815009
0.970039
0.753315
0.919848
0.404413
0.970039
0.329745
0.468925
0.280840
0.386941
0.514742
0.827331
0.839356
0.304589
0.766726
0.003989
0.833382
0.901437
0.924159
0.906211
0.514742
0.528168
0.216111
0.069940
0.494871
0.039021
0.666913
0.501457
0.468925
0.369946
0.538143
0.579380
0.565535
0.243777
0.659874
0.398537
0.003895
0.992290
0.989919
0.970039
0.319514
0.862416
0.214332
0.796018
0.022675
0.404413
0.375557
0.712205
0.961834
0.579380
0.958842
0.906211
0.314483
0.579380
0.901437
0.243777
0.456208
0.964698
0.468925
0.340199
0.739743
0.314483
0.005364
0.760042
