0.319514
0.231599
0.186038
0.150886
0.353438
0.138790
0.416320
0.833382
0.348045
0.579380
0.218100
0.050806
0.410341
0.304589
0.766726
0.631702
0.280840
0.422349
0.924159
0.112531
0.501457
0.456208
0.779952
0.739743
0.638743
0.746548
0.119225
0.596613
0.600293
0.694975
0.239663
0.159489
0.309508
0.600293
0.827331
0.827331
0.239663
0.694975
0.955720
0.062527
0.304589
0.235604
0.358886
0.579380
0.488323
0.199779
0.773363
0.462545
0.488323
0.340199
0.827331
0.431323
0.334944
0.753315
0.680967
0.023700
0.369946
0.910872
0.617636
0.760042
0.410341
0.356298
0.309508
0.176249
0.792968
0.673945
0.375557
0.314483
0.319514
0.924159
0.924159
0.182726
0.551785
0.586333
0.901437
0.687978
0.462545
0.833382
0.156577
0.538143
0.845248
0.607295
0.779952
0.624665
0.210617
0.910872
0.361775
0.126262
0.652832
0.106169
0.386941
0.680967
0.970039
0.015690
0.586333
0.243777
0.924159
0.659874
0.712205
0.989919
