0.915418
0.958842
0.285477
0.958842
0.227647
0.375557
0.290171
0.919848
0.955720
0.425222
0.896552
0.243777
0.381222
0.319514
0.687978
0.955720
0.719131
0.631702
0.294921
0.551785
0.988575
0.252167
0.565535
0.919848
0.189398
0.005895
0.987120
0.048718
0.381222
0.353438
0.196269
0.753315
0.247945
0.673945
0.924159
0.531367
0.007025
0.182726
0.475349
0.369946
0.821206
0.910872
0.958842
0.060591
0.290171
0.156577
0.565535
0.468925
0.481816
0.673945
0.901437
0.043840
0.013389
0.416320
0.712205
0.456208
0.746548
0.645787
0.739743
0.833382
0.256445
0.196269
0.910872
0.443672
0.189398
0.431323
0.097269
0.659874
0.652832
0.392713
0.924159
0.110374
0.014997
0.006704
0.278663
0.815009
0.949090
0.991157
0.309508
0.538143
0.910872
0.673945
0.089877
0.237734
0.839356
0.572447
0.514742
0.659874
0.739743
0.989919
0.134857
0.732903
0.123878
0.192809
0.247945
0.206953
0.839356
0.579380
0.437474
0.000496
