0.821206
0.732903
0.416320
0.726032
0.501457
0.867958
0.586333
0.060591
0.856782
0.779952
0.992290
0.603608
0.617636
0.280840
0.265165
0.299727
0.687978
0.932418
0.961834
0.212370
0.945583
0.290171
0.753315
0.659874
0.521438
0.955720
0.827331
0.766726
0.786488
0.123878
0.511232
0.047704
0.046710
0.924159
0.544950
0.528168
0.314483
0.013697
0.057570
0.919848
0.766726
0.796018
0.867958
0.586333
0.856782
0.176249
0.617636
0.179463
0.123878
0.631702
0.453223
0.666913
0.156577
0.116956
0.119225
0.565535
0.753315
0.708915
0.970039
0.766726
0.416320
0.056945
0.739743
0.488323
0.972517
0.494871
0.491420
0.039021
0.028545
0.196269
0.068529
0.621335
0.309508
0.110374
0.041598
0.839356
0.919848
0.579380
0.508082
0.993324
0.398537
0.680967
0.002083
0.687978
0.659874
0.827331
0.746548
0.304589
0.719131
0.928349
0.773363
0.992290
0.294921
0.142680
0.104120
0.206953
0.358886
0.614310
0.404413
0.924159
