0.993324
0.645787
0.779952
0.991157
0.210617
0.910872
0.235604
0.475349
0.565535
0.910872
0.381222
0.381222
0.919848
0.348045
0.353438
0.565535
0.919848
0.915418
0.456208
0.839356
0.145372
0.223749
0.928349
0.214332
0.260777
0.422349
0.991157
0.475349
0.970039
0.369946
0.558648
0.551785
0.337426
0.856782
0.514742
0.821206
0.428427
0.988575
0.123878
0.712205
0.206953
0.967432
0.666913
0.659874
0.381222
0.186038
0.760042
0.456208
0.437474
0.508082
0.680967
0.314483
0.936363
0.638743
0.468925
0.538143
0.481816
0.392713
0.398537
0.196269
0.638743
0.528168
0.992290
0.319514
0.964698
0.631702
0.256445
0.381222
0.425222
0.652832
0.229720
0.404413
0.099199
0.964698
0.196269
0.551785
0.369946
0.666913
0.269609
0.156577
0.462545
0.074331
0.488323
0.732903
0.753315
0.481816
0.839356
0.358886
0.773363
0.386941
0.970039
0.468925
0.808743
0.967432
0.027324
0.437474
0.607295
0.324601
0.269609
0.680967
