0.534929
0.932418
0.915418
0.799391
0.851058
0.416320
0.906211
0.410341
0.673945
0.680967
0.786488
0.631702
0.449917
0.645787
0.715853
0.873406
0.910872
0.600293
0.839356
0.645787
0.449917
0.673945
0.867958
0.712205
0.514742
0.607295
0.932418
0.992290
0.600293
0.839356
0.199779
0.150886
0.572447
0.501457
0.364388
0.932418
0.607295
0.148107
0.732903
0.544950
0.919848
0.766726
0.773363
0.494871
0.928349
0.538143
0.038195
0.652832
0.792968
0.199779
0.687978
0.964698
0.039863
0.572447
0.833382
0.910872
0.821206
0.792968
0.786488
0.280840
0.712205
0.808743
0.708915
0.673945
0.779952
0.833382
0.586333
0.176249
0.334944
0.514742
0.140030
0.708915
0.680967
0.456208
0.375557
0.645787
0.851058
0.753315
0.600293
0.392713
0.140030
0.227647
0.456208
0.694975
0.779952
0.760042
0.159489
0.645787
0.422349
0.919848
0.856782
0.701955
0.631702
0.839356
0.112531
0.799391
0.404413
0.739743
0.586333
0.319514
