0.705254
0.719131
0.891559
0.511232
0.624665
0.989919
0.050806
0.413167
0.544950
0.901437
0.381222
0.808743
0.252167
0.314483
0.906211
0.304589
0.802412
0.839356
0.048718
0.319514
0.631702
0.565535
0.773363
0.099199
0.044778
0.179463
0.808743
0.808743
0.961834
0.086372
0.381222
0.896552
0.910872
0.694975
0.673945
0.018980
0.048718
0.614310
0.064449
0.579380
0.010536
0.192809
0.949090
0.827331
0.067143
0.617636
0.766726
0.839356
0.680967
0.967432
0.299727
0.014997
0.054091
0.652832
0.243777
0.153709
0.002296
0.067143
0.364388
0.501457
0.108254
0.004712
0.712205
0.808743
0.964698
0.369946
0.719131
0.324601
0.896552
0.600293
0.593305
0.497986
0.036592
0.534929
0.134857
0.851058
0.081343
0.000443
0.558648
0.896552
0.319514
0.016048
0.462545
0.392713
0.425222
0.673945
0.701955
0.746548
0.468925
0.617636
0.901437
0.753315
0.603608
0.579380
0.565535
0.162447
0.919848
0.386941
0.169963
0.121532
