0.631702
0.290171
0.891559
0.299727
0.732903
0.521438
0.544950
0.833382
0.047704
0.766726
0.006476
0.673945
0.773363
0.970039
0.247945
0.081343
0.739743
0.521438
0.065784
0.845248
0.856782
0.572447
0.057570
0.652832
0.488323
0.988575
0.108254
0.901437
0.708915
0.110374
0.203341
0.694975
0.203341
0.260777
0.845248
0.659874
0.833382
0.063139
0.915418
0.134857
0.165451
0.760042
0.192809
0.666913
0.631702
0.416320
0.206953
0.687978
0.375557
0.481816
0.856782
0.252167
0.112531
0.896552
0.910872
0.075047
0.292664
0.501457
0.443672
0.488323
0.631702
0.851058
0.631702
0.952469
0.508082
0.029816
0.572447
0.919848
0.386941
0.072841
0.666913
0.753315
0.666913
0.027324
0.739743
0.065784
0.088109
0.287941
0.760042
0.029174
0.919848
0.319514
0.845248
0.739743
0.299727
0.989919
0.324601
0.410341
0.746548
0.443672
0.645787
0.000986
0.481816
0.680967
0.779952
0.392713
0.040722
0.416320
0.645787
0.035815
