0.600293
0.340199
0.419169
0.621335
0.419169
0.896552
0.524622
0.694975
0.544950
0.712205
0.617636
0.919848
0.009287
0.992290
0.799391
0.779952
0.285477
0.726032
0.538143
0.051880
0.786488
0.701955
0.839356
0.265165
0.970039
0.680967
0.779952
0.431323
0.719131
0.369946
0.199779
0.586333
0.867958
0.967432
0.987120
0.867958
0.687978
0.206953
0.945583
0.531367
0.260777
0.792968
0.299727
0.815009
0.617636
0.851058
0.072841
0.967432
0.867958
0.999213
0.839356
0.680967
0.101163
0.739743
0.881257
0.392713
0.410341
0.179463
0.631702
0.839356
0.010297
0.792968
0.356298
0.280840
0.726032
0.443672
0.687978
0.121532
0.786488
0.928349
0.983870
0.928349
0.856782
0.265165
0.449917
0.732903
0.319514
0.753315
0.176249
0.760042
0.638743
0.294921
0.708915
0.701955
0.137423
0.645787
0.398537
0.274108
0.356298
0.319514
0.517910
0.290171
0.760042
0.022179
0.856782
0.799391
0.906211
0.833382
0.600293
0.792968
