0.104120
0.958842
0.538143
0.186038
0.827331
0.386941
0.955720
0.815009
0.739743
0.732903
0.565535
0.919848
0.475349
0.131151
0.437474
0.544950
0.462545
0.551785
0.964698
0.475349
0.218100
0.645787
0.779952
0.392713
0.314483
0.839356
0.732903
0.815009
0.314483
0.915418
0.833382
0.221921
0.544950
0.919848
0.329745
0.910872
0.910872
0.600293
0.910872
0.095372
0.572447
0.631702
0.375557
0.544950
0.475349
0.680967
0.753315
0.203341
0.915418
0.156577
0.928349
0.901437
0.766726
0.915418
0.189398
0.614310
0.746548
0.827331
0.210617
0.005492
0.886460
0.086372
0.353438
0.901437
0.652832
0.753315
0.845248
0.329745
0.256445
0.501457
0.468925
0.851058
0.915418
0.404413
0.851058
0.022179
0.614310
0.808743
0.369946
0.000478
0.089877
0.102105
0.839356
0.110374
0.773363
0.955720
0.468925
0.659874
0.610616
0.839356
0.538143
0.386941
0.999213
0.319514
0.010422
0.309508
0.652832
0.792968
0.239663
0.766726
