0.766726
0.572447
0.218100
0.773363
0.398537
0.534929
0.631702
0.919848
0.915418
0.514742
0.659874
0.760042
0.196269
0.773363
0.910872
0.910872
0.593305
0.786488
0.645787
0.189398
0.873406
0.958842
0.462545
0.924159
0.558648
0.910872
0.565535
0.501457
0.873406
0.148107
0.150886
0.974869
0.910872
0.068529
0.862416
0.839356
0.726032
0.036592
0.833382
0.299727
0.017559
0.760042
0.392713
0.701955
0.468925
0.991157
0.119225
0.862416
0.189398
0.845248
0.856782
0.739743
0.089877
0.652832
0.659874
0.108254
0.101163
0.792968
0.140030
0.565535
0.381222
0.544950
0.687978
0.572447
0.621335
0.631702
0.054091
0.766726
0.666913
0.004388
0.508082
0.833382
0.906211
0.037386
0.739743
0.739743
0.004388
0.514742
0.659874
0.712205
0.694975
0.029816
0.462545
0.179463
0.252167
0.150886
0.726032
0.827331
0.309508
0.687978
0.593305
0.673945
0.739743
0.116956
0.171598
0.851058
0.243777
0.779952
0.891559
0.182726
