0.283274
0.621335
0.572447
0.514742
0.753315
0.107262
0.214332
0.862416
0.600293
0.494871
0.600293
0.638743
0.746548
0.906211
0.443672
0.521438
0.572447
0.600293
0.673945
0.456208
0.910872
0.223749
0.760042
0.014661
0.624665
0.773363
0.694975
0.760042
0.218100
0.131151
0.196269
0.964698
0.271733
0.862416
0.425222
0.896552
0.252167
0.544950
0.142680
0.294921
0.065784
0.799391
0.773363
0.128687
0.233700
0.091676
0.375557
0.558648
0.235604
0.294921
0.955720
0.299727
0.673945
0.624665
0.042921
0.538143
0.494871
0.109365
0.839356
0.808743
0.334944
0.052975
0.607295
0.666913
0.428427
0.278663
0.114725
0.989919
0.425222
0.753315
0.369946
0.896552
0.955720
0.833382
0.271733
0.638743
0.026732
0.428427
0.851058
0.260777
0.821206
0.468925
0.428427
0.501457
0.192809
0.528168
0.773363
0.906211
0.404413
0.687978
0.340199
0.856782
0.314483
0.558648
0.958842
0.511232
0.304589
0.952469
0.443672
0.970039
