0.348045
0.698284
0.586333
0.216111
0.851058
0.579380
0.223749
0.719131
0.456208
0.579380
0.110374
0.998300
0.375557
0.531367
0.186038
0.698284
0.680967
0.488323
0.223749
0.746548
0.026152
0.845248
0.443672
0.600293
0.572447
0.243777
0.705254
0.779952
0.404413
0.431323
0.958842
0.010536
0.967432
0.142680
0.600293
0.475349
0.906211
0.666913
0.906211
0.603608
0.845248
0.060591
0.652832
0.760042
0.443672
0.443672
0.112531
0.304589
0.203341
0.680967
0.659874
0.456208
0.779952
0.958842
0.808743
0.726032
0.186038
0.107262
0.558648
0.085560
0.416320
0.652832
0.511232
0.572447
0.760042
0.227647
0.998659
0.061853
0.851058
0.227647
0.350877
0.766726
0.631702
0.126262
0.915418
0.610616
0.652832
0.040722
0.171598
0.572447
0.508082
0.334944
0.375557
0.919848
0.488323
0.815009
0.645787
0.955720
0.558648
0.531367
0.687978
0.645787
0.524622
0.617636
0.156577
0.239663
0.334944
0.753315
0.551785
0.792968
