0.726032
0.219903
0.558648
0.698284
0.896552
0.428427
0.827331
0.638743
0.719131
0.329745
0.381222
0.673945
0.873406
0.422349
0.666913
0.504591
0.958842
0.278663
0.666913
0.680967
0.845248
0.514742
0.786488
0.131151
0.015340
0.967432
0.169963
0.910872
0.521438
0.659874
0.694975
0.659874
0.701955
0.701955
0.206953
0.000323
0.833382
0.766726
0.375557
0.760042
0.042921
0.353438
0.815009
0.773363
0.732903
0.593305
0.680967
0.856782
0.614310
0.873406
0.000411
0.910872
0.410341
0.358886
0.845248
0.955720
0.007361
0.967432
0.314483
0.528168
0.932418
0.910872
0.719131
0.624665
0.283274
0.645787
0.340199
0.845248
0.867958
0.708915
0.265165
0.029174
0.915418
0.839356
0.299727
0.468925
0.443672
0.016048
0.501457
0.121532
0.607295
0.773363
0.462545
0.437474
0.192809
0.247945
0.919848
0.958842
0.766726
0.603608
0.214332
0.243777
0.210617
0.873406
0.851058
0.867958
0.621335
0.005624
0.760042
0.862416
