0.680967
0.456208
0.753315
0.645787
0.265165
0.645787
0.779952
0.252167
0.386941
0.827331
0.989919
0.488323
0.896552
0.967432
0.462545
0.381222
0.910872
0.915418
0.392713
0.739743
0.967432
0.314483
0.309508
0.572447
0.565535
0.269609
0.732903
0.488323
0.468925
0.579380
0.732903
0.964698
0.314483
0.551785
0.481816
0.753315
0.274108
0.551785
0.856782
0.468925
0.799391
0.856782
0.462545
0.243777
0.915418
0.398537
0.726032
0.779952
0.739743
0.638743
0.579380
0.252167
0.799391
0.645787
0.645787
0.586333
0.856782
0.381222
0.392713
0.821206
0.037386
0.558648
0.475349
0.760042
0.827331
0.786488
0.732903
0.753315
0.386941
0.659874
0.538143
0.680967
0.404413
0.260777
0.659874
0.494871
0.579380
0.845248
0.294921
0.579380
0.256445
0.353438
0.862416
0.600293
0.176249
0.967432
0.514742
0.839356
0.958842
0.199779
0.645787
0.919848
0.673945
0.726032
0.915418
0.753315
0.906211
0.572447
0.189398
0.528168
