0.015690
0.004085
0.572447
0.005624
0.404413
0.375557
0.392713
0.000003
0.256445
0.760042
0.145372
0.265165
0.538143
0.462545
0.256445
0.000103
0.265165
0.719131
0.773363
0.140030
0.652832
0.369946
0.051880
0.624665
0.199779
0.468925
0.018980
0.340199
0.364388
0.410341
0.511232
0.915418
0.443672
0.119225
0.449917
0.386941
0.726032
0.159489
0.501457
0.153709
0.260777
0.025584
0.319514
0.199779
0.726032
0.210617
0.544950
0.645787
0.189398
0.364388
0.617636
0.488323
0.739743
0.123878
0.256445
0.319514
0.123878
0.558648
0.304589
0.631702
0.404413
0.156577
0.020293
0.203341
0.375557
0.753315
0.179463
0.972517
0.223749
0.088109
0.538143
0.558648
0.955720
0.252167
0.501457
0.544950
0.687978
0.243777
0.565535
0.176249
0.565535
0.910872
0.449917
0.375557
0.792968
0.906211
0.358886
0.269609
0.003179
0.579380
0.827331
0.443672
0.265165
0.150886
0.760042
0.235604
0.358886
0.140030
0.967432
0.808743
