0.827331
0.652832
0.638743
0.949090
0.392713
0.058138
0.304589
0.955720
0.638743
0.958842
0.102105
0.196269
0.773363
0.565535
0.701955
0.645787
0.304589
0.044778
0.294921
0.845248
0.856782
0.345510
0.056388
0.488323
0.345510
0.131151
0.833382
0.544950
0.033573
0.243777
0.319514
0.687978
0.265165
0.404413
0.919848
0.508082
0.034697
0.142680
0.449917
0.521438
0.381222
0.958842
0.645787
0.753315
0.009608
0.845248
0.260777
0.126262
0.075850
0.970039
0.428427
0.097269
0.171598
0.235604
0.638743
0.278663
0.551785
0.856782
0.786488
0.919848
0.003895
0.256445
0.891559
0.329745
0.129849
0.531367
0.988575
0.862416
0.334944
0.488323
0.760042
0.428427
0.138790
0.235604
0.645787
0.494871
0.958842
0.753315
0.862416
0.572447
0.319514
0.034305
0.586333
0.779952
0.203341
0.428427
0.199779
0.666913
0.294921
0.375557
0.989919
0.076579
0.462545
0.488323
0.833382
0.136202
0.862416
0.345510
0.128687
0.218100
