0.060591
0.766726
0.003803
0.645787
0.369946
0.084666
0.544950
0.002621
0.845248
0.043840
0.375557
0.035052
0.827331
0.673945
0.294921
0.839356
0.026152
0.746548
0.290171
0.059353
0.967432
0.260777
0.851058
0.468925
0.687978
0.119225
0.915418
0.431323
0.299727
0.443672
0.043840
0.779952
0.753315
0.256445
0.910872
0.779952
0.572447
0.398537
0.524622
0.247945
0.223749
0.624665
0.673945
0.032855
0.746548
0.018560
0.732903
0.422349
0.638743
0.659874
0.614310
0.753315
0.652832
0.666913
0.173082
0.150886
0.988575
0.103161
0.203341
0.386941
0.000535
0.199779
0.299727
0.739743
0.046710
0.386941
0.023949
0.961834
0.334944
0.324601
0.381222
0.701955
0.919848
0.901437
0.652832
0.020293
0.425222
0.999213
0.701955
0.386941
0.064449
0.437474
0.958842
0.544950
0.481816
0.375557
0.010297
0.153709
0.145372
0.845248
0.007361
0.760042
0.003803
0.726032
0.410341
0.827331
0.475349
0.514742
0.753315
0.833382
