0.544950
0.760042
0.624665
0.324601
0.617636
0.171598
0.708915
0.839356
0.815009
0.398537
0.501457
0.928349
0.572447
0.437474
0.666913
0.247945
0.719131
0.428427
0.514742
0.746548
0.462545
0.766726
0.102105
0.779952
0.746548
0.307171
0.153709
0.726032
0.278663
0.600293
0.256445
0.462545
0.766726
0.413167
0.488323
0.910872
0.302279
0.586333
0.638743
0.766726
0.833382
0.314483
0.726032
0.673945
0.274108
0.128687
0.481816
0.896552
0.638743
0.084666
0.488323
0.600293
0.514742
0.593305
0.223749
0.521438
0.985553
0.680967
0.961834
0.369946
0.924159
0.572447
0.760042
0.524622
0.786488
0.607295
0.645787
0.324601
0.199779
0.517910
0.551785
0.579380
0.233700
0.514742
0.189398
0.572447
0.753315
0.766726
0.988575
0.659874
0.531367
0.928349
0.192809
0.278663
0.666913
0.558648
0.434555
0.666913
0.199779
0.821206
0.645787
0.292664
0.856782
0.392713
0.631702
0.989919
0.332201
0.862416
0.680967
0.534929
