0.501457
0.110374
0.005895
0.153709
0.061853
0.084666
0.410341
0.572447
0.001536
0.732903
0.456208
0.221921
0.732903
0.958842
0.845248
0.065784
0.290171
0.369946
0.274108
0.443672
0.760042
0.988575
0.851058
0.603608
0.652832
0.319514
0.239663
0.082990
0.086372
0.218100
0.896552
0.851058
0.896552
0.924159
0.280840
0.652832
0.017559
0.314483
0.694975
0.014661
0.645787
0.565535
0.018980
0.091676
0.551785
0.404413
0.833382
0.958842
0.645787
0.839356
0.179463
0.593305
0.148107
0.203341
0.040722
0.364388
0.538143
0.827331
0.534929
0.932418
0.340199
0.919848
0.666913
0.000264
0.358886
0.265165
0.475349
0.970039
0.712205
0.488323
0.617636
0.192809
0.023183
0.475349
0.694975
0.082990
0.998961
0.624665
0.839356
0.541722
0.867958
0.919848
0.468925
0.815009
0.739743
0.544950
0.760042
0.924159
0.680967
0.119225
0.010062
0.462545
0.218100
0.645787
0.958842
0.839356
0.462545
0.358886
0.494871
0.437474
