0.428427
0.839356
0.265165
0.410341
0.833382
0.381222
0.007713
0.345510
0.239663
0.760042
0.673945
0.035815
0.958842
0.645787
0.416320
0.091676
0.851058
0.531367
0.004285
0.919848
0.638743
0.659874
0.252167
0.018980
0.544950
0.233700
0.659874
0.760042
0.108254
0.036592
0.593305
0.891559
0.659874
0.199779
0.140030
0.375557
0.283274
0.915418
0.760042
0.715853
0.407215
0.350877
0.815009
0.398537
0.247945
0.084666
0.551785
0.753315
0.218100
0.176249
0.425222
0.340199
0.565535
0.666913
0.687978
0.196269
0.645787
0.468925
0.792968
0.989919
0.786488
0.189398
0.687978
0.247945
0.833382
0.026152
0.753315
0.901437
0.746548
0.269609
0.034305
0.705254
0.233700
0.964698
0.404413
0.862416
0.517910
0.260777
0.475349
0.792968
0.488323
0.827331
0.645787
0.392713
0.712205
0.364388
0.329745
0.077396
0.687978
0.746548
0.239663
0.494871
0.104120
0.992290
0.299727
0.416320
0.059353
0.381222
0.565535
0.579380
