0.952469
0.886460
0.715853
0.821206
0.708915
0.345510
0.101163
0.955720
0.565535
0.694975
0.292664
0.544950
0.558648
0.294921
0.992290
0.802412
0.446953
0.233700
0.481816
0.821206
0.186038
0.839356
0.766726
0.287941
0.779952
0.779952
0.886460
0.715853
0.287941
0.260777
0.827331
0.645787
0.462545
0.845248
0.361775
0.494871
0.862416
0.572447
0.231599
0.687978
0.961834
0.719131
0.967432
0.607295
0.063825
0.652832
0.891559
0.375557
0.851058
0.600293
0.701955
0.214332
0.579380
0.839356
0.239663
0.773363
0.955720
0.037386
0.035815
0.061253
0.845248
0.260777
0.945583
0.708915
0.786488
0.174743
0.896552
0.475349
0.148107
0.753315
0.614310
0.221921
0.514742
0.910872
0.449917
0.666913
0.851058
0.227647
0.043403
0.140030
0.586333
0.375557
0.398537
0.910872
0.624665
0.600293
0.565535
0.517910
0.991157
0.732903
0.521438
0.287941
0.753315
0.753315
0.018980
0.779952
0.398537
0.528168
0.600293
0.753315
