0.779952
0.851058
0.928349
0.773363
0.766726
0.494871
0.243777
0.488323
0.760042
0.993324
0.773363
0.624665
0.060591
0.593305
0.398537
0.494871
0.928349
0.851058
0.189398
0.719131
0.116956
0.340199
0.910872
0.481816
0.624665
0.260777
0.404413
0.928349
0.673945
0.243777
0.456208
0.802412
0.225794
0.558648
0.839356
0.815009
0.673945
0.065784
0.494871
0.901437
0.773363
0.367306
0.746548
0.932418
0.488323
0.231599
0.603608
0.593305
0.159489
0.739743
0.666913
0.538143
0.392713
0.381222
0.494871
0.579380
0.428427
0.753315
0.488323
0.645787
0.726032
0.760042
0.779952
0.919848
0.680967
0.468925
0.364388
0.517910
0.225794
0.753315
0.955720
0.468925
0.481816
0.314483
0.309508
0.753315
0.673945
0.428427
0.404413
0.375557
0.659874
0.896552
0.862416
0.082990
0.064449
0.150886
0.856782
0.013697
0.862416
0.488323
0.994262
0.862416
0.294921
0.223749
0.753315
0.105194
0.896552
0.572447
0.617636
0.206953
