0.673945
0.468925
0.501457
0.666913
0.174743
0.652832
0.437474
0.299727
0.097269
0.746548
0.121532
0.227647
0.558648
0.773363
0.047704
0.967432
0.329745
0.481816
0.413167
0.153709
0.867958
0.114725
0.000769
0.078138
0.792968
0.468925
0.659874
0.410341
0.572447
0.169963
0.247945
0.786488
0.958842
0.013087
0.018560
0.792968
0.481816
0.572447
0.005492
0.631702
0.906211
0.614310
0.162447
0.652832
0.551785
0.337426
0.488323
0.845248
0.018980
0.140030
0.243777
0.687978
0.631702
0.004602
0.449917
0.726032
0.701955
0.285477
0.097269
0.779952
0.214332
0.501457
0.481816
0.680967
0.319514
0.437474
0.020750
0.856782
0.760042
0.001889
0.169963
0.792968
0.199779
0.475349
0.004493
0.104120
0.558648
0.256445
0.199779
0.593305
0.753315
0.446953
0.652832
0.199779
0.514742
0.494871
0.353438
0.833382
0.915418
0.456208
0.392713
0.410341
0.042921
0.462545
0.708915
0.014011
0.227647
0.082990
0.614310
0.106169
