0.132333
0.294921
0.089877
0.276259
0.833382
0.891559
0.372892
0.375557
0.309508
0.182726
0.428427
0.708915
0.054091
0.856782
0.645787
0.140030
0.462545
0.760042
0.792968
0.440730
0.121532
0.481816
0.958842
0.732903
0.652832
0.081343
0.353438
0.839356
0.952469
0.440730
0.607295
0.746548
0.488323
0.753315
0.958842
0.112531
0.112531
0.386941
0.039021
0.753315
0.687978
0.531367
0.732903
0.624665
0.614310
0.521438
0.827331
0.851058
0.398537
0.915418
0.551785
0.150886
0.182726
0.456208
0.054091
0.896552
0.508082
0.617636
0.340199
0.431323
0.624665
0.586333
0.173082
0.071377
0.949090
0.534929
0.600293
0.392713
0.862416
0.896552
0.989919
0.256445
0.025584
0.906211
0.050806
0.773363
0.475349
0.309508
0.150886
0.481816
0.060591
0.896552
0.446953
0.827331
0.779952
0.260777
0.666913
0.989919
0.108254
0.192809
0.089877
0.416320
0.708915
0.042491
0.915418
0.845248
0.910872
0.638743
0.074331
0.231599
