0.074331
0.231599
0.565535
0.243777
0.760042
0.586333
0.410341
0.265165
0.952469
0.773363
0.792968
0.392713
0.833382
0.896552
0.579380
0.531367
0.839356
0.521438
0.565535
0.906211
0.958842
0.821206
0.867958
0.148107
0.964698
0.481816
0.437474
0.839356
0.701955
0.659874
0.746548
0.958842
0.821206
0.873406
0.140030
0.993324
0.398537
0.369946
0.422349
0.023700
0.786488
0.150886
0.726032
0.579380
0.521438
0.827331
0.833382
0.739743
0.673945
0.375557
0.906211
0.972517
0.468925
0.182726
0.541722
0.006326
0.404413
0.488323
0.694975
0.398537
0.356298
0.475349
0.116956
0.851058
0.666913
0.340199
0.833382
0.998961
0.364388
0.936363
0.189398
0.958842
0.833382
0.565535
0.210617
0.126262
0.292664
0.309508
0.324601
0.528168
0.666913
0.501457
0.753315
0.009608
0.906211
0.156577
0.398537
0.924159
0.074331
0.712205
0.410341
0.680967
0.260777
0.910872
0.949090
0.214332
0.192809
0.991157
0.924159
0.746548
