0.766726
0.428427
0.958842
0.773363
0.579380
0.168501
0.446953
0.416320
0.579380
0.766726
0.593305
0.514742
0.023183
0.145372
0.600293
0.225794
0.910872
0.422349
0.446953
0.101163
0.652832
0.203341
0.528168
0.010062
0.475349
0.673945
0.687978
0.666913
0.269609
0.302279
0.269609
0.915418
0.153709
0.428427
0.276259
0.093508
0.773363
0.964698
0.475349
0.919848
0.235604
0.694975
0.206953
0.867958
0.103161
0.107262
0.659874
0.065784
0.528168
0.386941
0.638743
0.150886
0.919848
0.565535
0.833382
0.773363
0.089877
0.508082
0.425222
0.112531
0.851058
0.572447
0.680967
0.766726
0.673945
0.446953
0.514742
0.565535
0.189398
0.428427
0.047704
0.827331
0.579380
0.919848
0.958842
0.687978
0.299727
0.586333
0.856782
0.129849
0.247945
0.958842
0.687978
0.998300
0.009389
0.924159
0.600293
0.687978
0.182726
0.410341
0.924159
0.600293
0.600293
0.097269
0.544950
0.687978
0.013550
0.558648
0.906211
0.579380
