0.416320
0.481816
0.687978
0.856782
0.851058
0.381222
0.214332
0.572447
0.673945
0.915418
0.815009
0.410341
0.802412
0.666913
0.958842
0.404413
0.680967
0.985553
0.345510
0.617636
0.719131
0.680967
0.746548
0.992290
0.095372
0.867958
0.773363
0.851058
0.449917
0.428427
0.896552
0.348045
0.269609
0.910872
0.856782
0.565535
0.600293
0.617636
0.652832
0.579380
0.075047
0.773363
0.970039
0.314483
0.544950
0.494871
0.808743
0.410341
0.381222
0.862416
0.572447
0.753315
0.680967
0.419169
0.572447
0.156577
0.169963
0.821206
0.521438
0.551785
0.572447
0.016048
0.488323
0.766726
0.462545
0.680967
0.645787
0.531367
0.593305
0.739743
0.967432
0.319514
0.514742
0.821206
0.638743
0.773363
0.342708
0.538143
0.906211
0.283274
0.247945
0.449917
0.481816
0.666913
0.309508
0.462545
0.906211
0.345510
0.600293
0.572447
0.666913
0.952469
0.501457
0.227647
0.659874
0.739743
0.856782
0.867958
0.071377
0.773363
