0.753315
0.404413
0.221921
0.680967
0.218100
0.919848
0.558648
0.766726
0.225794
0.792968
0.659874
0.329745
0.247945
0.443672
0.475349
0.392713
0.799391
0.766726
0.156577
0.701955
0.431323
0.839356
0.102105
0.839356
0.638743
0.896552
0.422349
0.133656
0.910872
0.746548
0.614310
0.007894
0.481816
0.407215
0.915418
0.719131
0.638743
0.999213
0.766726
0.967432
0.410341
0.239663
0.105194
0.600293
0.746548
0.416320
0.456208
0.531367
0.468925
0.456208
0.705254
0.659874
0.945583
0.924159
0.666913
0.760042
0.256445
0.565535
0.886460
0.792968
0.528168
0.199779
0.773363
0.265165
0.168501
0.468925
0.356298
0.026732
0.833382
0.531367
0.468925
0.294921
0.739743
0.821206
0.786488
0.833382
0.773363
0.488323
0.815009
0.544950
0.932418
0.434555
0.919848
0.065784
0.833382
0.666913
0.029174
0.064449
0.565535
0.225794
0.786488
0.572447
0.398537
0.494871
0.079726
0.572447
0.142680
0.983870
0.381222
0.983870
