0.324601
0.218100
0.000828
0.097269
0.011288
0.753315
0.833382
0.558648
0.031141
0.089877
0.659874
0.961834
0.551785
0.952469
0.508082
0.410341
0.014997
0.572447
0.645787
0.712205
0.475349
0.964698
0.501457
0.428427
0.203341
0.579380
0.097269
0.001186
0.659874
0.659874
0.358886
0.839356
0.481816
0.334944
0.350877
0.579380
0.145372
0.919848
0.309508
0.701955
0.241822
0.050806
0.008465
0.753315
0.753315
0.958842
0.314483
0.719131
0.398537
0.278663
0.237734
0.821206
0.069940
0.773363
0.392713
0.694975
0.350877
0.247945
0.243777
0.260777
0.839356
0.369946
0.398537
0.003256
0.398537
0.827331
0.239663
0.565535
0.766726
0.162447
0.514742
0.600293
0.015690
0.565535
0.304589
0.297443
0.521438
0.247945
0.538143
0.103161
0.815009
0.773363
0.042921
0.186038
0.052975
0.437474
0.142680
0.760042
0.068529
0.269609
0.192809
0.475349
0.551785
0.304589
0.815009
0.404413
0.687978
0.229720
0.121532
0.375557
