0.142680
0.076579
0.364388
0.413167
0.235604
0.027324
0.494871
0.398537
0.267263
0.159489
0.276259
0.446953
0.621335
0.069940
0.607295
0.032152
0.294921
0.153709
0.340199
0.614310
0.065784
0.378532
0.021693
0.732903
0.694975
0.422349
0.332201
0.182726
0.243777
0.214332
0.715853
0.052975
0.233700
0.381222
0.949090
0.422349
0.109365
0.196269
0.645787
0.746548
0.079726
0.413167
0.789564
0.206953
0.018980
0.628368
0.350877
0.030472
0.003760
0.961834
0.475349
0.274108
0.345510
0.028545
0.983870
0.381222
0.127406
0.987120
0.958842
0.779952
0.481816
0.712205
0.137423
0.815009
0.145372
0.203341
0.878757
0.196269
0.297443
0.314483
0.726032
0.521438
0.334944
0.199779
0.753315
0.196269
0.517910
0.419169
0.746548
0.558648
0.278663
0.243777
0.821206
0.896552
0.186038
0.862416
0.659874
0.028545
0.243777
0.267263
0.126262
0.271733
0.528168
0.628368
0.186038
0.174743
0.915418
0.468925
0.488323
0.528168
