0.290171
0.192809
0.214332
0.290171
0.440730
0.260777
0.779952
0.231599
0.440730
0.760042
0.422349
0.856782
0.089877
0.199779
0.955720
0.050806
0.494871
0.283274
0.773363
0.319514
0.304589
0.475349
0.701955
0.501457
0.375557
0.037386
0.456208
0.274108
0.779952
0.680967
0.203341
0.468925
0.089877
0.184463
0.521438
0.140030
0.008465
0.967432
0.252167
0.760042
0.329745
0.182726
0.799391
0.203341
0.687978
0.508082
0.369946
0.203341
0.494871
0.867958
0.131151
0.037386
0.617636
0.773363
0.206953
0.324601
0.123878
0.949090
0.372892
0.021693
0.719131
0.572447
0.239663
0.225794
0.760042
0.600293
0.462545
0.915418
0.051880
0.174743
0.708915
0.638743
0.004085
0.572447
0.827331
0.340199
0.746548
0.481816
0.398537
0.307171
0.000047
0.119225
0.324601
0.915418
0.867958
0.958842
0.680967
0.449917
0.342708
0.779952
0.410341
0.593305
0.488323
0.089877
0.319514
0.659874
0.607295
0.144091
0.290171
0.186038
