0.028545
0.726032
0.652832
0.468925
0.739743
0.851058
0.007713
0.358886
0.294921
0.779952
0.140030
0.121532
0.067143
0.028545
0.701955
0.449917
0.673945
0.148107
0.443672
0.072841
0.449917
0.060002
0.544950
0.972517
0.358886
0.260777
0.760042
0.821206
0.256445
0.019846
0.919848
0.084666
0.165451
0.022675
0.851058
0.531367
0.586333
0.839356
0.708915
0.932418
0.638743
0.290171
0.896552
0.967432
0.005758
0.319514
0.239663
0.192809
0.141419
0.299727
0.746548
0.128687
0.901437
0.214332
0.792968
0.544950
0.239663
0.456208
0.586333
0.652832
0.708915
0.437474
0.299727
0.565535
0.319514
0.061853
0.753315
0.050806
0.072841
0.579380
0.565535
0.524622
0.786488
0.243777
0.715853
0.586333
0.732903
0.223749
0.666913
0.334944
0.572447
0.792968
0.538143
0.456208
0.126262
0.059353
0.739743
0.910872
0.324601
0.369946
0.766726
0.112531
0.808743
0.119225
0.064449
0.541722
0.538143
0.910872
0.645787
0.324601
