0.014661
0.031463
0.896552
0.056945
0.998961
0.353438
0.610616
0.047704
0.870551
0.952469
0.624665
0.285477
0.680967
0.196269
0.404413
0.075047
0.952469
0.698284
0.235604
0.398537
0.638743
0.392713
0.088109
0.970039
0.064449
0.416320
0.031463
0.998659
0.285477
0.610616
0.659874
0.910872
0.652832
0.086372
0.928349
0.796018
0.410341
0.468925
0.294921
0.265165
0.488323
0.108254
0.624665
0.437474
0.949090
0.617636
0.410341
0.631702
0.760042
0.243777
0.815009
0.381222
0.565535
0.856782
0.290171
0.199779
0.708915
0.386941
0.086372
0.088109
0.760042
0.404413
0.018560
0.732903
0.348045
0.808743
0.821206
0.773363
0.112531
0.049752
0.970039
0.712205
0.773363
0.544950
0.398537
0.294921
0.340199
0.786488
0.456208
0.169963
0.558648
0.514742
0.551785
0.156577
0.367306
0.746548
0.719131
0.136202
0.079726
0.941949
0.375557
0.705254
0.364388
0.579380
0.038195
0.481816
0.086372
0.256445
0.544950
0.468925
