0.680967
0.069940
0.494871
0.119225
0.565535
0.434555
0.494871
0.260777
0.304589
0.274108
0.614310
0.071377
0.265165
0.773363
0.077396
0.314483
0.586333
0.600293
0.105194
0.760042
0.659874
0.278663
0.624665
0.042019
0.600293
0.309508
0.156577
0.131151
0.225794
0.579380
0.162447
0.398537
0.501457
0.119225
0.004654
0.508082
0.462545
0.001613
0.235604
0.252167
0.196269
0.572447
0.049752
0.694975
0.428427
0.481816
0.404413
0.494871
0.593305
0.002497
0.299727
0.558648
0.004085
0.256445
0.572447
0.142680
0.494871
0.494871
0.040722
0.901437
0.708915
0.680967
0.398537
0.456208
0.048235
0.416320
0.162447
0.056388
0.666913
0.055229
0.030787
0.410341
0.057570
0.011032
0.603608
0.481816
0.088109
0.488323
0.340199
0.565535
0.827331
0.534929
0.624665
0.186038
0.381222
0.488323
0.168501
0.565535
0.431323
0.260777
0.133656
0.133656
0.329745
0.054091
0.773363
0.356298
0.076579
0.212370
0.057570
0.119225
