0.003539
0.381222
0.000577
0.007535
0.659874
0.219903
0.541722
0.353438
0.214332
0.001498
0.410341
0.614310
0.016787
0.586333
0.182726
0.299727
0.027324
0.645787
0.614310
0.361775
0.051880
0.760042
0.475349
0.176249
0.851058
0.017353
0.067143
0.462545
0.227647
0.541722
0.614310
0.375557
0.666913
0.558648
0.189398
0.538143
0.617636
0.256445
0.398537
0.652832
0.967432
0.009833
0.659874
0.176249
0.350877
0.708915
0.896552
0.924159
0.075850
0.358886
0.462545
0.638743
0.659874
0.290171
0.551785
0.779952
0.901437
0.084666
0.488323
0.845248
0.881257
0.398537
0.044778
0.056388
0.033573
0.237734
0.792968
0.381222
0.410341
0.565535
0.624665
0.739743
0.511232
0.475349
0.153709
0.746548
0.334944
0.276259
0.964698
0.565535
0.839356
0.538143
0.792968
0.551785
0.456208
0.108254
0.867958
0.766726
0.173082
0.314483
0.005758
0.494871
0.434555
0.260777
0.475349
0.666913
0.746548
0.517910
0.739743
0.565535
