0.579380
0.392713
0.753315
0.252167
0.673945
0.199779
0.915418
0.753315
0.381222
0.437474
0.694975
0.551785
0.586333
0.645787
0.227647
0.329745
0.760042
0.456208
0.572447
0.652832
0.645787
0.309508
0.468925
0.701955
0.084666
0.839356
0.386941
0.666913
0.304589
0.967432
0.961834
0.369946
0.404413
0.088109
0.779952
0.449917
0.919848
0.422349
0.431323
0.398537
0.991157
0.600293
0.456208
0.112531
0.856782
0.827331
0.967432
0.551785
0.140030
0.586333
0.398537
0.955720
0.494871
0.381222
0.910872
0.839356
0.652832
0.607295
0.416320
0.579380
0.833382
0.919848
0.468925
0.666913
0.381222
0.856782
0.544950
0.199779
0.203341
0.231599
0.779952
0.375557
0.652832
0.144091
0.110374
0.199779
0.915418
0.652832
0.621335
0.856782
0.958842
0.958842
0.928349
0.186038
0.364388
0.680967
0.206953
0.196269
0.593305
0.203341
0.081343
0.932418
0.901437
0.680967
0.712205
0.199779
0.673945
0.324601
0.392713
0.586333
