0.386941
0.494871
0.082990
0.329745
0.140030
0.901437
0.862416
0.753315
0.961834
0.348045
0.753315
0.687978
0.739743
0.673945
0.596613
0.673945
0.106169
0.991157
0.422349
0.645787
0.961834
0.186038
0.680967
0.199779
0.049752
0.290171
0.404413
0.227647
0.958842
0.862416
0.901437
0.673945
0.617636
0.910872
0.753315
0.538143
0.110374
0.766726
0.961834
0.131151
0.673945
0.488323
0.652832
0.176249
0.915418
0.919848
0.753315
0.572447
0.712205
0.565535
0.314483
0.945583
0.148107
0.862416
0.449917
0.138790
0.967432
0.165451
0.329745
0.746548
0.652832
0.039021
0.404413
0.140030
0.833382
0.856782
0.753315
0.958842
0.462545
0.915418
0.462545
0.093508
0.182726
0.906211
0.862416
0.203341
0.680967
0.910872
0.416320
0.404413
0.054091
0.189398
0.802412
0.035815
0.919848
0.231599
0.132333
0.551785
0.624665
0.766726
0.276259
0.760042
0.607295
0.821206
0.398537
0.617636
0.919848
0.680967
0.005492
0.531367
