0.906211
0.955720
0.565535
0.924159
0.833382
0.680967
0.054091
0.256445
0.468925
0.278663
0.680967
0.952469
0.210617
0.766726
0.558648
0.901437
0.673945
0.773363
0.827331
0.156577
0.867958
0.821206
0.468925
0.833382
0.666913
0.309508
0.989919
0.919848
0.773363
0.199779
0.192809
0.792968
0.896552
0.558648
0.314483
0.753315
0.481816
0.558648
0.645787
0.579380
0.314483
0.192809
0.833382
0.687978
0.579380
0.095372
0.572447
0.753315
0.919848
0.386941
0.364388
0.919848
0.845248
0.199779
0.896552
0.970039
0.040722
0.309508
0.579380
0.607295
0.753315
0.896552
0.906211
0.666913
0.488323
0.572447
0.189398
0.600293
0.989919
0.462545
0.915418
0.449917
0.666913
0.958842
0.746548
0.153709
0.760042
0.538143
0.786488
0.410341
0.993324
0.652832
0.808743
0.687978
0.468925
0.088109
0.243777
0.367306
0.753315
0.952469
0.508082
0.766726
0.645787
0.210617
0.851058
0.906211
0.645787
0.449917
0.862416
0.952469
