0.196269
0.243777
0.285477
0.544950
0.524622
0.145372
0.638743
0.324601
0.985553
0.802412
0.624665
0.508082
0.673945
0.410341
0.786488
0.544950
0.610616
0.358886
0.961834
0.862416
0.565535
0.434555
0.746548
0.712205
0.851058
0.274108
0.456208
0.140030
0.358886
0.746548
0.680967
0.572447
0.607295
0.753315
0.945583
0.839356
0.350877
0.431323
0.123878
0.227647
0.596613
0.364388
0.631702
0.375557
0.176249
0.278663
0.572447
0.856782
0.494871
0.896552
0.815009
0.607295
0.631702
0.112531
0.746548
0.808743
0.075047
0.010781
0.928349
0.614310
0.906211
0.437474
0.196269
0.437474
0.538143
0.531367
0.680967
0.565535
0.607295
0.856782
0.802412
0.468925
0.694975
0.364388
0.481816
0.437474
0.276259
0.294921
0.036592
0.607295
0.488323
0.910872
0.290171
0.108254
0.833382
0.514742
0.915418
0.334944
0.906211
0.285477
0.443672
0.431323
0.851058
0.514742
0.386941
0.680967
0.989919
0.290171
0.970039
0.481816
