0.565535
0.680967
0.708915
0.501457
0.607295
0.779952
0.052975
0.375557
0.177934
0.434555
0.666913
0.110374
0.189398
0.294921
0.544950
0.340199
0.614310
0.701955
0.008080
0.243777
0.112531
0.353438
0.955720
0.292664
0.256445
0.260777
0.687978
0.715853
0.873406
0.015340
0.645787
0.239663
0.227647
0.638743
0.187800
0.252167
0.687978
0.392713
0.287941
0.901437
0.680967
0.324601
0.687978
0.607295
0.058775
0.179463
0.294921
0.364388
0.148107
0.701955
0.766726
0.101163
0.462545
0.521438
0.392713
0.989919
0.586333
0.072841
0.065784
0.494871
0.687978
0.514742
0.673945
0.514742
0.792968
0.247945
0.437474
0.153709
0.179463
0.531367
0.233700
0.739743
0.440730
0.565535
0.345510
0.475349
0.779952
0.896552
0.136202
0.104120
0.867958
0.614310
0.991157
0.514742
0.673945
0.628368
0.891559
0.839356
0.827331
0.862416
0.528168
0.659874
0.739743
0.186038
0.145372
0.189398
0.488323
0.600293
0.101163
0.475349
