0.701955
0.766726
0.666913
0.269609
0.206953
0.422349
0.192809
0.773363
0.126262
0.214332
0.243777
0.673945
0.845248
0.558648
0.862416
0.673945
0.017957
0.162447
0.462545
0.961834
0.508082
0.896552
0.358886
0.680967
0.631702
0.862416
0.404413
0.579380
0.009287
0.652832
0.659874
0.501457
0.732903
0.114725
0.404413
0.638743
0.404413
0.299727
0.970039
0.961834
0.269609
0.181174
0.404413
0.334944
0.182726
0.773363
0.334944
0.631702
0.203341
0.239663
0.572447
0.329745
0.645787
0.199779
0.910872
0.746548
0.361775
0.845248
0.056945
0.034697
0.237734
0.579380
0.786488
0.659874
0.593305
0.192809
0.739743
0.508082
0.945583
0.247945
0.964698
0.565535
0.319514
0.958842
0.565535
0.398537
0.256445
0.779952
0.565535
0.005364
0.241822
0.867958
0.551785
0.952469
0.596613
0.845248
0.077396
0.659874
0.701955
0.586333
0.398537
0.239663
0.481816
0.999213
0.203341
0.967432
0.719131
0.910872
0.260777
0.827331
