0.992290
0.534929
0.779952
0.614310
0.792968
0.701955
0.027324
0.565535
0.225794
0.621335
0.786488
0.002033
0.020293
0.851058
0.334944
0.356298
0.494871
0.345510
0.091676
0.104120
0.386941
0.680967
0.760042
0.786488
0.206953
0.558648
0.708915
0.862416
0.701955
0.006326
0.044778
0.746548
0.766726
0.833382
0.218100
0.779952
0.449917
0.416320
0.440730
0.999417
0.256445
0.792968
0.701955
0.621335
0.422349
0.009174
0.186038
0.680967
0.992290
0.386941
0.708915
0.299727
0.867958
0.753315
0.302279
0.746548
0.416320
0.786488
0.919848
0.906211
0.521438
0.481816
0.792968
0.607295
0.792968
0.004388
0.106169
0.753315
0.680967
0.988575
0.274108
0.779952
0.369946
0.422349
0.687978
0.924159
0.398537
0.970039
0.434555
0.494871
0.558648
0.687978
0.416320
0.269609
0.786488
0.035052
0.839356
0.565535
0.614310
0.356298
0.607295
0.862416
0.000390
0.019846
0.572447
0.924159
0.746548
0.805752
0.112531
0.687978
