0.631702
0.687978
0.192809
0.410341
0.760042
0.319514
0.862416
0.243777
0.350877
0.065784
0.786488
0.867958
0.304589
0.701955
0.364388
0.350877
0.116956
0.680967
0.792968
0.906211
0.572447
0.586333
0.666913
0.340199
0.694975
0.196269
0.614310
0.558648
0.404413
0.600293
0.462545
0.579380
0.099199
0.851058
0.593305
0.708915
0.218100
0.159489
0.687978
0.694975
0.005116
0.210617
0.422349
0.631702
0.508082
0.701955
0.443672
0.528168
0.558648
0.786488
0.773363
0.334944
0.287941
0.199779
0.766726
0.416320
0.002134
0.652832
0.239663
0.833382
0.386941
0.027928
0.572447
0.481816
0.324601
0.862416
0.579380
0.314483
0.593305
0.845248
0.600293
0.773363
0.586333
0.334944
0.932418
0.501457
0.026152
0.475349
0.617636
0.162447
0.997879
0.558648
0.294921
0.631702
0.186038
0.214332
0.468925
0.243777
0.196269
0.356298
0.280840
0.356298
0.862416
0.119225
0.701955
0.753315
0.593305
0.428427
0.680967
0.600293
