0.079726
0.110374
0.233700
0.108254
0.287941
0.104120
0.350877
0.276259
0.422349
0.162447
0.443672
0.607295
0.972517
0.732903
0.915418
0.179463
0.297443
0.129849
0.878757
0.773363
0.739743
0.862416
0.462545
0.235604
0.369946
0.815009
0.108254
0.237734
0.132333
0.694975
0.687978
0.961834
0.416320
0.987120
0.544950
0.110374
0.821206
0.712205
0.673945
0.156577
0.142680
0.084666
0.786488
0.054091
0.624665
0.356298
0.915418
0.398537
0.961834
0.732903
0.369946
0.375557
0.511232
0.845248
0.186038
0.862416
0.182726
0.517910
0.309508
0.645787
0.089877
0.558648
0.084666
0.287941
0.223749
0.928349
0.928349
0.845248
0.017169
0.964698
0.020750
0.252167
0.624665
0.137423
0.404413
0.375557
0.049752
0.544950
0.952469
0.097269
0.290171
0.638743
0.708915
0.753315
0.386941
0.501457
0.468925
0.329745
0.032152
0.687978
0.428427
0.176249
0.932418
0.786488
0.375557
0.851058
0.071377
0.112531
0.531367
0.524622
