0.364388
0.036592
0.247945
0.456208
0.252167
0.481816
0.243777
0.304589
0.088109
0.666913
0.375557
0.659874
0.243777
0.558648
0.285477
0.091676
0.294921
0.659874
0.162447
0.949090
0.088109
0.839356
0.093508
0.845248
0.544950
0.428427
0.386941
0.239663
0.398537
0.468925
0.732903
0.036592
0.753315
0.314483
0.760042
0.386941
0.297443
0.443672
0.988575
0.694975
0.000002
0.462545
0.304589
0.324601
0.544950
0.579380
0.048718
0.579380
0.504591
0.607295
0.915418
0.075850
0.694975
0.531367
0.488323
0.779952
0.000003
0.150886
0.239663
0.915418
0.392713
0.002818
0.186038
0.392713
0.565535
0.243777
0.955720
0.538143
0.392713
0.196269
0.924159
0.186038
0.297443
0.544950
0.998659
0.792968
0.001536
0.239663
0.082990
0.572447
0.955720
0.475349
0.064449
0.544950
0.722767
0.404413
0.638743
0.501457
0.260777
0.065784
0.386941
0.572447
0.199779
0.299727
0.901437
0.182726
0.218100
0.862416
0.153709
0.628368
