0.446953
0.687978
0.753315
0.434555
0.119225
0.551785
0.538143
0.350877
0.544950
0.673945
0.949090
0.324601
0.044332
0.192809
0.593305
0.274108
0.910872
0.808743
0.833382
0.199779
0.091676
0.521438
0.381222
0.011032
0.065784
0.586333
0.614310
0.119225
0.364388
0.906211
0.593305
0.015690
0.779952
0.652832
0.027324
0.037386
0.766726
0.572447
0.501457
0.708915
0.077396
0.099199
0.192809
0.260777
0.808743
0.494871
0.680967
0.039021
0.746548
0.165451
0.011288
0.150886
0.456208
0.673945
0.792968
0.614310
0.010536
0.631702
0.214332
0.638743
0.356298
0.851058
0.514742
0.746548
0.375557
0.998300
0.680967
0.091676
0.579380
0.572447
0.739743
0.002187
0.386941
0.565535
0.786488
0.932418
0.138790
0.219903
0.294921
0.779952
0.565535
0.701955
0.766726
0.760042
0.901437
0.437474
0.827331
0.652832
0.488323
0.915418
0.659874
0.881257
0.652832
0.221921
0.449917
0.056388
0.851058
0.029174
0.065784
0.652832
