0.422349
0.372892
0.821206
0.138790
0.481816
0.422349
0.896552
0.924159
0.687978
0.593305
0.970039
0.705254
0.501457
0.919848
0.294921
0.528168
0.896552
0.701955
0.833382
0.638743
0.773363
0.565535
0.652832
0.174743
0.141419
0.528168
0.283274
0.256445
0.416320
0.955720
0.449917
0.680967
0.645787
0.739743
0.060002
0.446953
0.867958
0.614310
0.614310
0.746548
0.256445
0.146806
0.075850
0.708915
0.760042
0.796018
0.334944
0.915418
0.524622
0.030472
0.440730
0.250160
0.792968
0.607295
0.833382
0.488323
0.593305
0.229720
0.961834
0.176249
0.501457
0.276259
0.514742
0.586333
0.586333
0.753315
0.353438
0.514742
0.845248
0.624665
0.058775
0.521438
0.628368
0.287941
0.593305
0.565535
0.666913
0.786488
0.138790
0.645787
0.223749
0.481816
0.203341
0.600293
0.283274
0.386941
0.551785
0.773363
0.508082
0.694975
0.579380
0.928349
0.437474
0.329745
0.919848
0.815009
0.631702
0.378532
0.233700
0.508082
