0.159489
0.666913
0.398537
0.766726
0.404413
0.579380
0.753315
0.119225
0.265165
0.494871
0.024768
0.631702
0.821206
0.919848
0.398537
0.260777
0.572447
0.225794
0.148107
0.891559
0.766726
0.565535
0.304589
0.845248
0.041598
0.456208
0.392713
0.593305
0.680967
0.468925
0.538143
0.565535
0.659874
0.638743
0.988575
0.252167
0.196269
0.572447
0.786488
0.919848
0.856782
0.488323
0.386941
0.600293
0.586333
0.796018
0.199779
0.989919
0.398537
0.808743
0.839356
0.558648
0.386941
0.329745
0.422349
0.766726
0.481816
0.961834
0.673945
0.142680
0.028545
0.356298
0.404413
0.488323
0.218100
0.116956
0.294921
0.652832
0.652832
0.128687
0.821206
0.123878
0.558648
0.827331
0.786488
0.680967
0.593305
0.265165
0.891559
0.203341
0.064449
0.475349
0.350877
0.538143
0.449917
0.779952
0.319514
0.517910
0.265165
0.565535
0.214332
0.203341
0.304589
0.369946
0.924159
0.481816
0.712205
0.314483
0.162447
0.544950
