0.252167
0.361775
0.924159
0.044332
0.792968
0.287941
0.596613
0.673945
0.621335
0.687978
0.673945
0.063139
0.141419
0.475349
0.014661
0.428427
0.924159
0.283274
0.231599
0.121532
0.274108
0.037386
0.906211
0.586333
0.068529
0.614310
0.044332
0.792968
0.174743
0.875953
0.638743
0.283274
0.285477
0.901437
0.136202
0.299727
0.867958
0.839356
0.614310
0.958842
0.334944
0.075850
0.521438
0.356298
0.753315
0.358886
0.283274
0.955720
0.179463
0.494871
0.309508
0.269609
0.928349
0.468925
0.593305
0.961834
0.260777
0.579380
0.915418
0.726032
0.538143
0.364388
0.334944
0.621335
0.350877
0.443672
0.443672
0.149564
0.443672
0.821206
0.324601
0.821206
0.708915
0.910872
0.773363
0.565535
0.334944
0.958842
0.659874
0.593305
0.280840
0.732903
0.265165
0.521438
0.593305
0.324601
0.687978
0.833382
0.508082
0.607295
0.856782
0.501457
0.231599
0.105194
0.468925
0.531367
0.252167
0.488323
0.468925
0.345510
