0.988575
0.955720
0.659874
0.988575
0.538143
0.011032
0.586333
0.924159
0.808743
0.739743
0.093508
0.680967
0.319514
0.174743
0.638743
0.827331
0.652832
0.064449
0.856782
0.340199
0.551785
0.265165
0.029174
0.538143
0.607295
0.901437
0.955720
0.544950
0.006035
0.856782
0.792968
0.375557
0.488323
0.958842
0.437474
0.350877
0.386941
0.531367
0.278663
0.410341
0.906211
0.381222
0.551785
0.987120
0.004941
0.753315
0.673945
0.422349
0.945583
0.827331
0.203341
0.121532
0.375557
0.779952
0.156577
0.434555
0.449917
0.292664
0.673945
0.243777
0.114725
0.786488
0.989919
0.239663
0.026732
0.856782
0.428427
0.299727
0.600293
0.949090
0.719131
0.514742
0.739743
0.091676
0.514742
0.659874
0.919848
0.214332
0.856782
0.186038
0.488323
0.065784
0.621335
0.508082
0.410341
0.760042
0.607295
0.538143
0.967432
0.538143
0.891559
0.030472
0.851058
0.501457
0.324601
0.150886
0.901437
0.196269
0.324601
0.753315
