0.958842
0.773363
0.967432
0.915418
0.924159
0.652832
0.206953
0.462545
0.924159
0.964698
0.958842
0.739743
0.428427
0.428427
0.299727
0.766726
0.919848
0.961834
0.199779
0.856782
0.287941
0.449917
0.645787
0.375557
0.821206
0.410341
0.915418
0.856782
0.839356
0.162447
0.260777
0.361775
0.531367
0.645787
0.839356
0.364388
0.168501
0.010062
0.528168
0.398537
0.106169
0.176249
0.993324
0.680967
0.252167
0.462545
0.422349
0.600293
0.726032
0.915418
0.517910
0.494871
0.227647
0.481816
0.701955
0.353438
0.018149
0.150886
0.708915
0.659874
0.673945
0.833382
0.910872
0.924159
0.753315
0.915418
0.766726
0.278663
0.538143
0.159489
0.827331
0.145372
0.345510
0.353438
0.101163
0.123878
0.596613
0.078138
0.214332
0.867958
0.915418
0.666913
0.989919
0.252167
0.475349
0.443672
0.104120
0.369946
0.128687
0.915418
0.970039
0.901437
0.901437
0.514742
0.600293
0.142680
0.572447
0.243777
0.746548
0.116956
