0.856782
0.565535
0.645787
0.156577
0.958842
0.398537
0.924159
0.901437
0.906211
0.624665
0.621335
0.551785
0.055229
0.000284
0.572447
0.753315
0.631702
0.915418
0.404413
0.779952
0.000030
0.324601
0.673945
0.867958
0.020750
0.680967
0.123878
0.985553
0.673945
0.924159
0.773363
0.002621
0.410341
0.314483
0.786488
0.538143
0.680967
0.739743
0.732903
0.558648
0.076579
0.148107
0.910872
0.638743
0.694975
0.958842
0.022179
0.036592
0.551785
0.600293
0.645787
0.680967
0.821206
0.645787
0.199779
0.353438
0.078138
0.856782
0.292664
0.614310
0.936363
0.760042
0.565535
0.645787
0.760042
0.867958
0.572447
0.002559
0.274108
0.558648
0.993324
0.815009
0.680967
0.456208
0.468925
0.551785
0.425222
0.358886
0.345510
0.600293
0.361775
0.673945
0.928349
0.381222
0.319514
0.524622
0.645787
0.475349
0.456208
0.753315
0.531367
0.932418
0.659874
0.687978
0.000949
0.659874
0.786488
0.196269
0.494871
0.989919
