0.726032
0.779952
0.004602
0.746548
0.003584
0.235604
0.867958
0.910872
0.514742
0.081343
0.156577
0.607295
0.039863
0.666913
0.719131
0.680967
0.089877
0.153709
0.856782
0.514742
0.145372
0.468925
0.302279
0.153709
0.364388
0.002621
0.680967
0.004825
0.112531
0.494871
0.138790
0.538143
0.247945
0.307171
0.565535
0.280840
0.000093
0.924159
0.150886
0.760042
0.851058
0.398537
0.708915
0.003989
0.398537
0.607295
0.091676
0.324601
0.760042
0.221921
0.449917
0.003336
0.013389
0.766726
0.091676
0.955720
0.440730
0.443672
0.302279
0.055229
0.955720
0.792968
0.753315
0.022675
0.239663
0.867958
0.488323
0.746548
0.381222
0.233700
0.324601
0.726032
0.000250
0.753315
0.544950
0.687978
0.910872
0.398537
0.572447
0.198110
0.003030
0.773363
0.292664
0.867958
0.514742
0.928349
0.659874
0.815009
0.901437
0.786488
0.114725
0.192809
0.701955
0.054091
0.572447
0.896552
0.177934
0.206953
0.093508
0.003713
