0.280840
0.010062
0.799391
0.002559
0.708915
0.851058
0.428427
0.017747
0.565535
0.974869
0.586333
0.381222
0.494871
0.833382
0.437474
0.076579
0.799391
0.773363
0.386941
0.760042
0.919848
0.243777
0.746548
0.462545
0.018980
0.419169
0.009608
0.628368
0.773363
0.072841
0.961834
0.862416
0.624665
0.910872
0.645787
0.003989
0.285477
0.673945
0.521438
0.753315
0.361775
0.018149
0.095372
0.924159
0.607295
0.116956
0.856782
0.964698
0.624665
0.739743
0.001498
0.364388
0.475349
0.361775
0.833382
0.851058
0.080574
0.064449
0.481816
0.845248
0.040722
0.565535
0.055775
0.799391
0.856782
0.786488
0.531367
0.687978
0.746548
0.456208
0.148107
0.002241
0.216111
0.680967
0.607295
0.753315
0.521438
0.042491
0.018980
0.501457
0.999417
0.022675
0.827331
0.425222
0.299727
0.205045
0.896552
0.652832
0.001936
0.196269
0.974869
0.345510
0.827331
0.753315
0.398537
0.235604
0.645787
0.000051
0.196269
0.517910
