0.269609
0.243777
0.924159
0.652832
0.659874
0.093508
0.845248
0.247945
0.652832
0.247945
0.210617
0.638743
0.821206
0.329745
0.680967
0.116956
0.779952
0.039021
0.906211
0.719131
0.565535
0.340199
0.381222
0.919848
0.544950
0.987120
0.732903
0.773363
0.243777
0.910872
0.531367
0.839356
0.345510
0.538143
0.579380
0.091676
0.910872
0.779952
0.494871
0.056388
0.511232
0.544950
0.958842
0.153709
0.680967
0.719131
0.119225
0.766726
0.422349
0.148107
0.538143
0.673945
0.924159
0.607295
0.063139
0.095372
0.631702
0.531367
0.845248
0.746548
0.114725
0.617636
0.156577
0.910872
0.551785
0.851058
0.719131
0.544950
0.708915
0.369946
0.845248
0.252167
0.988575
0.856782
0.600293
0.199779
0.631702
0.538143
0.231599
0.786488
0.808743
0.815009
0.886460
0.114725
0.928349
0.891559
0.364388
0.792968
0.924159
0.048718
0.753315
0.915418
0.753315
0.358886
0.345510
0.760042
0.189398
0.659874
0.475349
0.666913
