0.915418
0.928349
0.488323
0.932418
0.334944
0.600293
0.375557
0.910872
0.494871
0.034697
0.334944
0.065784
0.501457
0.319514
0.182726
0.773363
0.171598
0.488323
0.031141
0.456208
0.302279
0.076579
0.760042
0.621335
0.392713
0.915418
0.851058
0.687978
0.593305
0.069940
0.891559
0.446953
0.102105
0.126262
0.715853
0.992290
0.652832
0.247945
0.468925
0.314483
0.392713
0.746548
0.269609
0.766726
0.924159
0.375557
0.218100
0.309508
0.443672
0.283274
0.972517
0.760042
0.203341
0.958842
0.119225
0.652832
0.468925
0.210617
0.808743
0.392713
0.475349
0.638743
0.862416
0.488323
0.174743
0.192809
0.955720
0.356298
0.035815
0.239663
0.534929
0.856782
0.314483
0.845248
0.392713
0.538143
0.030472
0.544950
0.488323
0.189398
0.974869
0.093508
0.551785
0.753315
0.839356
0.345510
0.006035
0.196269
0.753315
0.340199
0.287941
0.199779
0.375557
0.572447
0.057570
0.189398
0.269609
0.932418
0.071377
0.958842
