0.701955
0.673945
0.345510
0.701955
0.416320
0.659874
0.673945
0.760042
0.287941
0.659874
0.827331
0.252167
0.468925
0.551785
0.334944
0.410341
0.786488
0.833382
0.252167
0.324601
0.381222
0.652832
0.538143
0.494871
0.027928
0.324601
0.856782
0.422349
0.659874
0.753315
0.314483
0.247945
0.095372
0.443672
0.501457
0.145372
0.659874
0.381222
0.631702
0.687978
0.572447
0.565535
0.614310
0.572447
0.538143
0.475349
0.746548
0.012090
0.833382
0.468925
0.067143
0.851058
0.475349
0.753315
0.443672
0.324601
0.252167
0.645787
0.329745
0.600293
0.839356
0.821206
0.701955
0.165451
0.572447
0.572447
0.156577
0.666913
0.114725
0.719131
0.862416
0.142680
0.579380
0.964698
0.638743
0.845248
0.839356
0.110374
0.600293
0.334944
0.766726
0.314483
0.199779
0.712205
0.851058
0.017169
0.210617
0.324601
0.607295
0.083868
0.404413
0.739743
0.319514
0.153709
0.189398
0.760042
0.551785
0.839356
0.156577
0.475349
