0.000000
0.000001
0.607295
0.000019
0.245964
0.910872
0.434555
0.002438
0.340199
0.680967
0.867958
0.210617
0.773363
0.358886
0.294921
0.002887
0.792968
0.779952
0.410341
0.586333
0.531367
0.760042
0.514742
0.010536
0.203341
0.176249
0.000002
0.521438
0.924159
0.278663
0.329745
0.652832
0.299727
0.701955
0.011032
0.652832
0.290171
0.006630
0.508082
0.404413
0.600293
0.000042
0.340199
0.673945
0.514742
0.475349
0.773363
0.189398
0.558648
0.247945
0.051880
0.967432
0.086372
0.012655
0.434555
0.159489
0.666913
0.579380
0.989919
0.779952
0.815009
0.292664
0.000002
0.307171
0.659874
0.521438
0.645787
0.416320
0.631702
0.586333
0.001462
0.075850
0.369946
0.015340
0.687978
0.708915
0.329745
0.915418
0.475349
0.856782
0.760042
0.033231
0.972517
0.901437
0.290171
0.219903
0.072841
0.565535
0.000088
0.404413
0.501457
0.356298
0.329745
0.856782
0.294921
0.739743
0.416320
0.000223
0.260777
0.285477
