0.191187
0.299727
0.970039
0.924159
0.833382
0.003103
0.673945
0.666913
0.462545
0.021216
0.045279
0.624665
0.815009
0.739743
0.694975
0.815009
0.970039
0.000577
0.766726
0.538143
0.796018
0.856782
0.827331
0.845248
0.891559
0.600293
0.558648
0.964698
0.014661
0.488323
0.456208
0.524622
0.919848
0.449917
0.915418
0.544950
0.422349
0.265165
0.694975
0.468925
0.896552
0.851058
0.739743
0.112531
0.131151
0.624665
0.051880
0.901437
0.410341
0.531367
0.538143
0.839356
0.174743
0.792968
0.910872
0.468925
0.961834
0.290171
0.324601
0.572447
0.145372
0.449917
0.274108
0.746548
0.008080
0.329745
0.821206
0.511232
0.972517
0.821206
0.910872
0.815009
0.773363
0.488323
0.614310
0.906211
0.987120
0.988575
0.108254
0.928349
0.983870
0.314483
0.319514
0.475349
0.786488
0.110374
0.867958
0.528168
0.845248
0.148107
0.145372
0.334944
0.746548
0.358886
0.746548
0.915418
0.881257
0.666913
0.833382
0.165451
