0.600293
0.324601
0.481816
0.422349
0.392713
0.334944
0.386941
0.210617
0.753315
0.136202
0.766726
0.666913
0.488323
0.932418
0.265165
0.071377
0.260777
0.593305
0.659874
0.773363
0.919848
0.269609
0.998659
0.285477
0.494871
0.372892
0.494871
0.329745
0.199779
0.319514
0.687978
0.673945
0.919848
0.739743
0.719131
0.572447
0.361775
0.231599
0.867958
0.572447
0.002621
0.260777
0.645787
0.225794
0.265165
0.760042
0.833382
0.799391
0.833382
0.726032
0.638743
0.111505
0.638743
0.475349
0.856782
0.000549
0.186038
0.753315
0.481816
0.607295
0.192809
0.304589
0.514742
0.558648
0.131151
0.839356
0.915418
0.992290
0.404413
0.991157
0.227647
0.462545
0.155213
0.815009
0.404413
0.839356
0.018980
0.247945
0.116956
0.694975
0.867958
0.705254
0.739743
0.544950
0.260777
0.753315
0.361775
0.766726
0.579380
0.475349
0.586333
0.410341
0.652832
0.694975
0.924159
0.256445
0.949090
0.645787
0.048235
0.309508
