0.109365
0.283274
0.375557
0.141419
0.067143
0.030472
0.280840
0.410341
0.203341
0.150886
0.142680
0.845248
0.967432
0.955720
0.839356
0.283274
0.040722
0.524622
0.112531
0.666913
0.565535
0.910872
0.958842
0.012655
0.449917
0.712205
0.141419
0.029816
0.112531
0.294921
0.586333
0.915418
0.645787
0.746548
0.314483
0.192809
0.524622
0.739743
0.233700
0.225794
0.181174
0.404413
0.016048
0.041598
0.227647
0.919848
0.673945
0.638743
0.839356
0.967432
0.067143
0.437474
0.732903
0.428427
0.199779
0.378532
0.381222
0.845248
0.192809
0.989919
0.928349
0.972517
0.105194
0.375557
0.381222
0.108254
0.851058
0.856782
0.815009
0.910872
0.862416
0.015340
0.603608
0.551785
0.136202
0.221921
0.621335
0.821206
0.008663
0.970039
0.910872
0.786488
0.792968
0.915418
0.434555
0.645787
0.353438
0.839356
0.508082
0.468925
0.260777
0.018980
0.839356
0.680967
0.906211
0.551785
0.856782
0.001342
0.353438
0.443672
