0.760042
0.673945
0.851058
0.967432
0.687978
0.206953
0.544950
0.314483
0.404413
0.708915
0.294921
0.631702
0.544950
0.050806
0.936363
0.265165
0.856782
0.319514
0.189398
0.998659
0.732903
0.760042
0.203341
0.285477
0.057570
0.701955
0.967432
0.773363
0.319514
0.631702
0.475349
0.189398
0.319514
0.666913
0.348045
0.964698
0.428427
0.007713
0.404413
0.481816
0.422349
0.991157
0.494871
0.600293
0.179463
0.398537
0.227647
0.468925
0.586333
0.186038
0.851058
0.673945
0.269609
0.004493
0.319514
0.901437
0.701955
0.715853
0.422349
0.508082
0.845248
0.223749
0.760042
0.687978
0.579380
0.624665
0.739743
0.192809
0.206953
0.919848
0.511232
0.753315
0.428427
0.050806
0.206953
0.551785
0.856782
0.521438
0.621335
0.773363
0.283274
0.839356
0.014011
0.915418
0.009074
0.422349
0.398537
0.235604
0.915418
0.350877
0.924159
0.732903
0.726032
0.381222
0.082990
0.614310
0.026152
0.906211
0.061253
0.928349
