0.198110
0.992290
0.404413
0.287941
0.572447
0.572447
0.624665
0.361775
0.572447
0.508082
0.732903
0.638743
0.673945
0.967432
0.245964
0.851058
0.488323
0.773363
0.431323
0.924159
0.972517
0.356298
0.631702
0.410341
0.659874
0.410341
0.680967
0.165451
0.766726
0.517910
0.779952
0.773363
0.701955
0.021693
0.970039
0.760042
0.256445
0.299727
0.501457
0.896552
0.528168
0.033231
0.565535
0.694975
0.712205
0.386941
0.862416
0.919848
0.131151
0.558648
0.964698
0.586333
0.538143
0.247945
0.687978
0.544950
0.057570
0.753315
0.719131
0.586333
0.307171
0.475349
0.614310
0.766726
0.475349
0.544950
0.468925
0.701955
0.508082
0.247945
0.324601
0.214332
0.314483
0.089877
0.488323
0.987120
0.416320
0.091676
0.638743
0.827331
0.440730
0.283274
0.964698
0.468925
0.494871
0.760042
0.181174
0.187800
0.278663
0.856782
0.687978
0.299727
0.551785
0.481816
0.932418
0.521438
0.645787
0.481816
0.398537
0.732903
