0.221921
0.221921
0.252167
0.218100
0.203341
0.666913
0.558648
0.013245
0.694975
0.815009
0.148107
0.133656
0.919848
0.544950
0.181174
0.501457
0.833382
0.089877
0.538143
0.340199
0.766726
0.052975
0.058775
0.189398
0.410341
0.196269
0.174743
0.123878
0.666913
0.014661
0.345510
0.404413
0.050806
0.177934
0.140030
0.786488
0.538143
0.314483
0.309508
0.095372
0.839356
0.416320
0.345510
0.456208
0.364388
0.019638
0.572447
0.375557
0.002995
0.079726
0.851058
0.827331
0.156577
0.839356
0.153709
0.375557
0.928349
0.006326
0.967432
0.989919
0.481816
0.392713
0.221921
0.319514
0.260777
0.544950
0.044332
0.659874
0.531367
0.144091
0.033573
0.862416
0.150886
0.031141
0.538143
0.915418
0.475349
0.375557
0.481816
0.924159
0.839356
0.123878
0.919848
0.422349
0.739743
0.991157
0.203341
0.314483
0.131151
0.528168
0.179463
0.051880
0.099199
0.494871
0.192809
0.345510
0.150886
0.089877
0.210617
0.015340
