0.225794
0.116956
0.462545
0.416320
0.176249
0.456208
0.680967
0.586333
0.134857
0.375557
0.579380
0.386941
0.531367
0.176249
0.760042
0.392713
0.538143
0.027324
0.773363
0.375557
0.705254
0.753315
0.064449
0.028545
0.827331
0.839356
0.404413
0.086372
0.617636
0.687978
0.624665
0.425222
0.468925
0.145372
0.086372
0.468925
0.565535
0.150886
0.773363
0.488323
0.565535
0.340199
0.227647
0.449917
0.851058
0.565535
0.425222
0.431323
0.089877
0.773363
0.443672
0.443672
0.247945
0.103161
0.404413
0.952469
0.856782
0.839356
0.579380
0.481816
0.494871
0.544950
0.269609
0.140030
0.235604
0.773363
0.304589
0.610616
0.247945
0.050806
0.645787
0.753315
0.038195
0.565535
0.398537
0.680967
0.652832
0.987120
0.593305
0.494871
0.572447
0.404413
0.456208
0.064449
0.416320
0.645787
0.732903
0.132333
0.514742
0.425222
0.247945
0.309508
0.652832
0.645787
0.032152
0.016414
0.773363
0.148107
0.182726
0.159489
