0.475349
0.531367
0.753315
0.314483
0.404413
0.179463
0.168501
0.404413
0.538143
0.398537
0.121532
0.299727
0.659874
0.833382
0.309508
0.891559
0.386941
0.004712
0.404413
0.443672
0.732903
0.329745
0.029174
0.579380
0.422349
0.350877
0.551785
0.392713
0.437474
0.131151
0.364388
0.821206
0.845248
0.192809
0.924159
0.779952
0.701955
0.494871
0.915418
0.404413
0.048235
0.345510
0.114725
0.845248
0.243777
0.050806
0.845248
0.652832
0.061853
0.694975
0.862416
0.607295
0.572447
0.856782
0.551785
0.250160
0.319514
0.000292
0.579380
0.551785
0.162447
0.398537
0.551785
0.915418
0.538143
0.203341
0.089877
0.958842
0.833382
0.148107
0.924159
0.779952
0.701955
0.494871
0.989919
0.334944
0.184463
0.687978
0.013087
0.468925
0.607295
0.192809
0.856782
0.123878
0.652832
0.932418
0.468925
0.753315
0.915418
0.358886
0.416320
0.189398
0.021216
0.827331
0.760042
0.186038
0.404413
0.694975
0.600293
0.579380
