0.108254
0.243777
0.056945
0.524622
0.019408
0.106169
0.746548
0.732903
0.353438
0.425222
0.531367
0.319514
0.006476
0.456208
0.989919
0.443672
0.043840
0.437474
0.319514
0.001157
0.638743
0.964698
0.114725
0.924159
0.631702
0.297443
0.443672
0.134857
0.280840
0.827331
0.000828
0.462545
0.856782
0.002241
0.970039
0.299727
0.453223
0.004712
0.235604
0.334944
0.381222
0.431323
0.106169
0.081343
0.624665
0.468925
0.002591
0.624665
0.247945
0.165451
0.839356
0.334944
0.041598
0.103161
0.173082
0.422349
0.089877
0.645787
0.020750
0.206953
0.638743
0.375557
0.142680
0.280840
0.517910
0.645787
0.000212
0.856782
0.304589
0.003030
0.928349
0.369946
0.245964
0.038195
0.206953
0.199779
0.987120
0.481816
0.821206
0.102105
0.269609
0.746548
0.631702
0.203341
0.600293
0.437474
0.719131
0.494871
0.276259
0.808743
0.276259
0.443672
0.851058
0.000054
0.189398
0.906211
0.121532
0.992290
0.119225
0.434555
