0.638743
0.235604
0.235604
0.468925
0.061853
0.586333
0.881257
0.958842
0.010781
0.462545
0.029816
0.919848
0.361775
0.808743
0.462545
0.719131
0.027928
0.022179
0.551785
0.350877
0.746548
0.247945
0.839356
0.851058
0.915418
0.910872
0.114725
0.110374
0.673945
0.881257
0.508082
0.156577
0.901437
0.845248
0.967432
0.961834
0.265165
0.156577
0.081343
0.083868
0.600293
0.304589
0.065784
0.381222
0.456208
0.919848
0.361775
0.353438
0.901437
0.970039
0.910872
0.572447
0.203341
0.247945
0.093508
0.245964
0.565535
0.915418
0.030472
0.369946
0.299727
0.422349
0.468925
0.078138
0.687978
0.285477
0.673945
0.214332
0.886460
0.766726
0.970039
0.753315
0.210617
0.896552
0.084666
0.046246
0.434555
0.214332
0.475349
0.256445
0.137423
0.069940
0.012947
0.551785
0.833382
0.687978
0.565535
0.666913
0.501457
0.010297
0.481816
0.199779
0.739743
0.225794
0.381222
0.456208
0.766726
0.694975
0.260777
0.462545
