0.453223
0.475349
0.260777
0.766726
0.319514
0.572447
0.845248
0.621335
0.256445
0.324601
0.906211
0.760042
0.638743
0.856782
0.572447
0.760042
0.481816
0.991157
0.766726
0.112531
0.862416
0.958842
0.544950
0.008663
0.701955
0.600293
0.845248
0.260777
0.753315
0.673945
0.112531
0.600293
0.906211
0.309508
0.235604
0.434555
0.851058
0.645787
0.235604
0.985553
0.719131
0.867958
0.753315
0.153709
0.915418
0.392713
0.375557
0.508082
0.638743
0.048718
0.687978
0.856782
0.252167
0.839356
0.223749
0.958842
0.896552
0.528168
0.746548
0.227647
0.508082
0.165451
0.404413
0.206953
0.398537
0.851058
0.021693
0.856782
0.753315
0.949090
0.068529
0.792968
0.687978
0.732903
0.425222
0.558648
0.726032
0.999213
0.494871
0.329745
0.048718
0.586333
0.501457
0.867958
0.314483
0.715853
0.375557
0.991157
0.334944
0.247945
0.265165
0.955720
0.867958
0.239663
0.915418
0.839356
0.449917
0.961834
0.786488
0.488323
