0.531367
0.386941
0.924159
0.243777
0.097269
0.799391
0.488323
0.173082
0.694975
0.218100
0.701955
0.223749
0.955720
0.243777
0.987120
0.309508
0.097269
0.440730
0.652832
0.353438
0.970039
0.413167
0.989919
0.967432
0.538143
0.614310
0.196269
0.319514
0.715853
0.252167
0.617636
0.856782
0.407215
0.967432
0.915418
0.386941
0.218100
0.558648
0.192809
0.694975
0.008270
0.173082
0.340199
0.136202
0.786488
0.179463
0.998961
0.456208
0.645787
0.989919
0.760042
0.565535
0.278663
0.110374
0.203341
0.021693
0.153709
0.348045
0.206953
0.746548
0.353438
0.375557
0.456208
0.964698
0.621335
0.099199
0.617636
0.856782
0.698284
0.652832
0.915418
0.551785
0.080574
0.910872
0.037386
0.856782
0.039863
0.437474
0.104120
0.586333
0.150886
0.808743
0.243777
0.334944
0.792968
0.449917
0.621335
0.462545
0.358886
0.586333
0.334944
0.621335
0.078138
0.910872
0.645787
0.983870
0.839356
0.680967
0.449917
0.621335
