0.715853
0.356298
0.290171
0.534929
0.134857
0.645787
0.056388
0.600293
0.314483
0.431323
0.150886
0.508082
0.468925
0.878757
0.680967
0.614310
0.603608
0.309508
0.324601
0.732903
0.607295
0.340199
0.991157
0.025882
0.440730
0.753315
0.514742
0.176249
0.544950
0.044332
0.544950
0.607295
0.210617
0.967432
0.265165
0.621335
0.766726
0.367306
0.148107
0.746548
0.404413
0.541722
0.067143
0.732903
0.011549
0.687978
0.319514
0.607295
0.673945
0.521438
0.468925
0.694975
0.434555
0.494871
0.186038
0.659874
0.340199
0.319514
0.538143
0.631702
0.358886
0.541722
0.446953
0.034305
0.746548
0.032520
0.475349
0.410341
0.862416
0.919848
0.214332
0.600293
0.851058
0.378532
0.468925
0.456208
0.488323
0.153709
0.074331
0.280840
0.839356
0.091676
0.600293
0.833382
0.086372
0.456208
0.283274
0.037386
0.133656
0.488323
0.271733
0.051880
0.428427
0.189398
0.799391
0.586333
0.600293
0.314483
0.367306
0.422349
