0.309508
0.082990
0.544950
0.142680
0.624665
0.488323
0.494871
0.280840
0.353438
0.666913
0.206953
0.299727
0.521438
0.494871
0.162447
0.173082
0.369946
0.673945
0.206953
0.572447
0.600293
0.462545
0.586333
0.779952
0.381222
0.659874
0.110374
0.524622
0.851058
0.218100
0.121532
0.779952
0.072841
0.593305
0.488323
0.851058
0.299727
0.878757
0.659874
0.334944
0.475349
0.134857
0.719131
0.659874
0.404413
0.294921
0.621335
0.600293
0.256445
0.329745
0.701955
0.698284
0.600293
0.416320
0.867958
0.314483
0.437474
0.753315
0.145372
0.572447
0.481816
0.856782
0.148107
0.517910
0.924159
0.404413
0.375557
0.687978
0.095372
0.779952
0.416320
0.652832
0.054091
0.694975
0.260777
0.210617
0.773363
0.431323
0.039021
0.051880
0.766726
0.792968
0.680967
0.095372
0.475349
0.924159
0.715853
0.839356
0.753315
0.106169
0.659874
0.256445
0.314483
0.773363
0.410341
0.099199
0.906211
0.621335
0.443672
0.269609
