0.521438
0.475349
0.531367
0.687978
0.712205
0.631702
0.386941
0.434555
0.631702
0.544950
0.531367
0.586333
0.786488
0.042491
0.873406
0.565535
0.726032
0.364388
0.906211
0.586333
0.319514
0.621335
0.265165
0.680967
0.348045
0.586333
0.760042
0.449917
0.364388
0.150886
0.171598
0.572447
0.111505
0.915418
0.410341
0.425222
0.924159
0.579380
0.106169
0.833382
0.666913
0.607295
0.631702
0.901437
0.290171
0.404413
0.701955
0.260777
0.508082
0.274108
0.712205
0.949090
0.345510
0.252167
0.431323
0.708915
0.760042
0.687978
0.726032
0.910872
0.593305
0.364388
0.600293
0.290171
0.617636
0.827331
0.221921
0.928349
0.131151
0.773363
0.607295
0.337426
0.989919
0.687978
0.231599
0.821206
0.687978
0.621335
0.845248
0.821206
0.964698
0.314483
0.579380
0.558648
0.171598
0.137423
0.932418
0.891559
0.786488
0.827331
0.348045
0.189398
0.572447
0.786488
0.017169
0.614310
0.856782
0.558648
0.294921
0.340199
