0.652832
0.265165
0.410341
0.214332
0.256445
0.989919
0.901437
0.324601
0.218100
0.833382
0.392713
0.324601
0.856782
0.915418
0.746548
0.031824
0.593305
0.833382
0.196269
0.614310
0.906211
0.851058
0.603608
0.924159
0.808743
0.538143
0.210617
0.210617
0.955720
0.739743
0.521438
0.309508
0.607295
0.100125
0.766726
0.719131
0.061853
0.148107
0.659874
0.593305
0.972517
0.398537
0.416320
0.468925
0.958842
0.494871
0.572447
0.488323
0.544950
0.381222
0.987120
0.375557
0.017353
0.910872
0.579380
0.867958
0.932418
0.659874
0.256445
0.792968
0.528168
0.531367
0.501457
0.156577
0.839356
0.196269
0.514742
0.468925
0.856782
0.235604
0.475349
0.896552
0.231599
0.007713
0.488323
0.392713
0.974869
0.779952
0.558648
0.162447
0.534929
0.856782
0.256445
0.906211
0.517910
0.422349
0.862416
0.375557
0.468925
0.136202
0.753315
0.906211
0.392713
0.434555
0.839356
0.833382
0.624665
0.746548
0.732903
0.000088
