0.481816
0.367306
0.032520
0.356298
0.779952
0.001102
0.334944
0.856782
0.446953
0.068529
0.381222
0.867958
0.243777
0.054091
0.833382
0.361775
0.334944
0.011032
0.773363
0.214332
0.162447
0.443672
0.827331
0.134857
0.901437
0.443672
0.361775
0.521438
0.007361
0.269609
0.873406
0.199779
0.517910
0.833382
0.511232
0.038195
0.142680
0.309508
0.631702
0.600293
0.827331
0.324601
0.701955
0.001779
0.319514
0.501457
0.821206
0.398537
0.468925
0.815009
0.137423
0.247945
0.231599
0.064449
0.680967
0.958842
0.544950
0.348045
0.972517
0.607295
0.348045
0.517910
0.350877
0.274108
0.026152
0.856782
0.873406
0.243777
0.364388
0.746548
0.808743
0.110374
0.739743
0.047704
0.638743
0.687978
0.961834
0.358886
0.353438
0.514742
0.666913
0.425222
0.551785
0.229720
0.961834
0.099199
0.652832
0.586333
0.961834
0.302279
0.049752
0.203341
0.932418
0.398537
0.121532
0.381222
0.815009
0.276259
0.243777
0.299727
