0.799391
0.105194
0.462545
0.302279
0.060591
0.016048
0.821206
0.779952
0.121532
0.579380
0.027324
0.631702
0.039863
0.856782
0.494871
0.225794
0.304589
0.020750
0.150886
0.392713
0.839356
0.851058
0.314483
0.481816
0.949090
0.708915
0.302279
0.019846
0.037386
0.449917
0.203341
0.159489
0.324601
0.906211
0.673945
0.712205
0.878757
0.235604
0.410341
0.779952
0.600293
0.687978
0.016414
0.404413
0.065784
0.952469
0.038195
0.171598
0.565535
0.773363
0.712205
0.586333
0.565535
0.475349
0.579380
0.579380
0.586333
0.052975
0.174743
0.319514
0.600293
0.521438
0.372892
0.137423
0.299727
0.638743
0.051880
0.324601
0.278663
0.462545
0.392713
0.544950
0.786488
0.443672
0.786488
0.687978
0.586333
0.392713
0.475349
0.058775
0.851058
0.779952
0.398537
0.915418
0.329745
0.572447
0.593305
0.565535
0.873406
0.203341
0.404413
0.140030
0.638743
0.039863
0.779952
0.659874
0.572447
0.955720
0.381222
0.779952
