0.004184
0.292664
0.579380
0.072841
0.579380
0.607295
0.919848
0.003671
0.967432
0.687978
0.666913
0.856782
0.017169
0.701955
0.199779
0.701955
0.845248
0.600293
0.919848
0.012370
0.786488
0.932418
0.600293
0.531367
0.701955
0.276259
0.416320
0.760042
0.600293
0.760042
0.012370
0.422349
0.867958
0.687978
0.443672
0.350877
0.223749
0.659874
0.867958
0.524622
0.404413
0.022675
0.773363
0.779952
0.666913
0.001736
0.694975
0.600293
0.621335
0.833382
0.294921
0.095372
0.645787
0.501457
0.919848
0.462545
0.148107
0.324601
0.329745
0.056388
0.862416
0.753315
0.031824
0.760042
0.422349
0.919848
0.114725
0.416320
0.621335
0.680967
0.375557
0.680967
0.086372
0.753315
0.680967
0.531367
0.508082
0.179463
0.174743
0.381222
0.572447
0.851058
0.410341
0.708915
0.760042
0.134857
0.260777
0.324601
0.011032
0.593305
0.501457
0.753315
0.229720
0.069940
0.278663
0.873406
0.319514
0.299727
0.042491
0.896552
