0.189398
0.021693
0.314483
0.915418
0.808743
0.283274
0.119225
0.319514
0.016048
0.428427
0.416320
0.314483
0.645787
0.443672
0.845248
0.016048
0.265165
0.225794
0.631702
0.440730
0.443672
0.760042
0.839356
0.081343
0.845248
0.910872
0.673945
0.089877
0.600293
0.088109
0.350877
0.891559
0.392713
0.760042
0.290171
0.839356
0.833382
0.544950
0.910872
0.856782
0.462545
0.110374
0.815009
0.593305
0.274108
0.256445
0.462545
0.631702
0.274108
0.760042
0.219903
0.856782
0.808743
0.992290
0.680967
0.524622
0.116956
0.192809
0.915418
0.666913
0.896552
0.036592
0.386941
0.049752
0.701955
0.022675
0.521438
0.945583
0.652832
0.586333
0.538143
0.381222
0.760042
0.285477
0.329745
0.586333
0.544950
0.875953
0.369946
0.862416
0.989919
0.827331
0.815009
0.839356
0.528168
0.000563
0.294921
0.148107
0.309508
0.040722
0.218100
0.593305
0.039863
0.915418
0.179463
0.851058
0.501457
0.140030
0.833382
0.243777
