0.967432
0.701955
0.652832
0.970039
0.856782
0.593305
0.915418
0.475349
0.687978
0.214332
0.334944
0.645787
0.043403
0.732903
0.381222
0.867958
0.565535
0.428427
0.839356
0.095372
0.375557
0.952469
0.746548
0.404413
0.231599
0.192809
0.928349
0.919848
0.345510
0.839356
0.652832
0.009074
0.443672
0.833382
0.680967
0.712205
0.896552
0.028545
0.910872
0.132333
0.915418
0.621335
0.845248
0.600293
0.856782
0.462545
0.329745
0.142680
0.475349
0.856782
0.369946
0.719131
0.128687
0.005364
0.084666
0.739743
0.508082
0.063139
0.431323
0.449917
0.018980
0.808743
0.970039
0.274108
0.593305
0.334944
0.243777
0.007112
0.624665
0.673945
0.256445
0.617636
0.891559
0.162447
0.145372
0.063139
0.839356
0.572447
0.137423
0.156577
0.176249
0.018560
0.896552
0.446953
0.274108
0.456208
0.701955
0.214332
0.967432
0.410341
0.404413
0.600293
0.645787
0.044332
0.638743
0.544950
0.398537
0.475349
0.610616
0.468925
