0.760042
0.534929
0.278663
0.614310
0.283274
0.833382
0.481816
0.915418
0.292664
0.936363
0.072841
0.958842
0.294921
0.739743
0.701955
0.292664
0.786488
0.462545
0.265165
0.901437
0.551785
0.746548
0.468925
0.896552
0.732903
0.988575
0.621335
0.278663
0.739743
0.340199
0.314483
0.833382
0.645787
0.159489
0.891559
0.071377
0.845248
0.247945
0.231599
0.967432
0.488323
0.851058
0.184463
0.694975
0.659874
0.753315
0.437474
0.089877
0.428427
0.179463
0.991157
0.050806
0.680967
0.132333
0.645787
0.659874
0.600293
0.173082
0.746548
0.652832
0.199779
0.014661
0.514742
0.225794
0.992290
0.054091
0.645787
0.827331
0.833382
0.666913
0.617636
0.475349
0.827331
0.845248
0.047704
0.827331
0.206953
0.773363
0.140030
0.443672
0.196269
0.392713
0.808743
0.416320
0.779952
0.873406
0.488323
0.833382
0.558648
0.144091
0.708915
0.072841
0.988575
0.112531
0.896552
0.792968
0.431323
0.989919
0.304589
0.919848
