0.901437
0.839356
0.949090
0.381222
0.726032
0.494871
0.544950
0.386941
0.983870
0.833382
0.851058
0.145372
0.206953
0.919848
0.067143
0.991157
0.624665
0.867958
0.652832
0.375557
0.833382
0.456208
0.631702
0.016414
0.991157
0.645787
0.919848
0.821206
0.488323
0.309508
0.116956
0.827331
0.309508
0.243777
0.967432
0.021216
0.565535
0.119225
0.468925
0.375557
0.766726
0.760042
0.815009
0.468925
0.915418
0.065784
0.845248
0.666913
0.223749
0.851058
0.016414
0.827331
0.221921
0.137423
0.666913
0.456208
0.862416
0.494871
0.173082
0.726032
0.206953
0.312119
0.739743
0.896552
0.862416
0.148107
0.386941
0.833382
0.631702
0.538143
0.967432
0.091676
0.565535
0.159489
0.239663
0.766726
0.247945
0.856782
0.314483
0.102105
0.638743
0.345510
0.350877
0.425222
0.196269
0.186038
0.901437
0.153709
0.760042
0.952469
0.732903
0.501457
0.048718
0.404413
0.645787
0.462545
0.551785
0.531367
0.760042
0.481816
