0.381222
0.833382
0.726032
0.659874
0.941949
0.961834
0.645787
0.097269
0.364388
0.196269
0.732903
0.398537
0.375557
0.381222
0.086372
0.659874
0.239663
0.833382
0.919848
0.732903
0.314483
0.309508
0.099199
0.694975
0.410341
0.462545
0.915418
0.945583
0.961834
0.551785
0.381222
0.156577
0.462545
0.324601
0.792968
0.422349
0.256445
0.919848
0.839356
0.694975
0.000292
0.334944
0.945583
0.985553
0.952469
0.162447
0.304589
0.565535
0.165451
0.964698
0.162447
0.422349
0.501457
0.989919
0.468925
0.528168
0.000788
0.760042
0.821206
0.192809
0.551785
0.110374
0.659874
0.517910
0.964698
0.551785
0.121532
0.392713
0.821206
0.404413
0.972517
0.766726
0.488323
0.867958
0.833382
0.680967
0.260777
0.011288
0.833382
0.369946
0.739743
0.827331
0.176249
0.666913
0.443672
0.572447
0.348045
0.906211
0.494871
0.827331
0.290171
0.746548
0.071377
0.558648
0.381222
0.324601
0.586333
0.919848
0.708915
0.565535
