0.294921
0.110374
0.223749
0.531367
0.219903
0.314483
0.851058
0.565535
0.285477
0.179463
0.572447
0.607295
0.177934
0.833382
0.906211
0.875953
0.219903
0.022179
0.924159
0.141419
0.593305
0.739743
0.521438
0.631702
0.659874
0.392713
0.290171
0.078138
0.919848
0.666913
0.107262
0.334944
0.901437
0.621335
0.821206
0.949090
0.256445
0.906211
0.082990
0.746548
0.988575
0.449917
0.437474
0.142680
0.753315
0.434555
0.225794
0.821206
0.915418
0.600293
0.881257
0.475349
0.760042
0.137423
0.833382
0.964698
0.833382
0.839356
0.314483
0.673945
0.827331
0.148107
0.239663
0.169963
0.324601
0.468925
0.025319
0.225794
0.988575
0.701955
0.386941
0.983870
0.488323
0.732903
0.294921
0.645787
0.961834
0.551785
0.862416
0.153709
0.468925
0.565535
0.443672
0.732903
0.181174
0.932418
0.121532
0.631702
0.773363
0.013697
0.638743
0.069940
0.792968
0.045279
0.501457
0.821206
0.278663
0.088109
0.967432
0.739743
