0.299727
0.416320
0.227647
0.919848
0.036592
0.779952
0.779952
0.398537
0.845248
0.364388
0.967432
0.593305
0.928349
0.508082
0.276259
0.773363
0.231599
0.919848
0.687978
0.862416
0.586333
0.064449
0.369946
0.565535
0.021216
0.659874
0.779952
0.108254
0.928349
0.779952
0.862416
0.274108
0.186038
0.732903
0.119225
0.538143
0.501457
0.538143
0.760042
0.673945
0.182726
0.766726
0.468925
0.375557
0.867958
0.680967
0.334944
0.614310
0.231599
0.538143
0.121532
0.538143
0.456208
0.666913
0.839356
0.652832
0.404413
0.054091
0.867958
0.142680
0.162447
0.586333
0.558648
0.148107
0.766726
0.786488
0.586333
0.404413
0.565535
0.140030
0.673945
0.358886
0.579380
0.631702
0.991157
0.398537
0.153709
0.558648
0.766726
0.199779
0.119225
0.991157
0.932418
0.760042
0.821206
0.398537
0.708915
0.645787
0.051880
0.766726
0.358886
0.928349
0.779952
0.851058
0.428427
0.353438
0.186038
0.558648
0.449917
0.572447
