0.000197
0.004602
0.534929
0.010062
0.302279
0.786488
0.607295
0.010781
0.218100
0.621335
0.972517
0.329745
0.475349
0.586333
0.186038
0.021216
0.621335
0.792968
0.494871
0.269609
0.906211
0.210617
0.910872
0.256445
0.572447
0.437474
0.027324
0.367306
0.786488
0.334944
0.766726
0.760042
0.475349
0.652832
0.056388
0.203341
0.538143
0.001278
0.792968
0.072841
0.521438
0.047704
0.131151
0.440730
0.862416
0.475349
0.572447
0.779952
0.551785
0.624665
0.269609
0.309508
0.386941
0.007112
0.701955
0.123878
0.833382
0.440730
0.988575
0.422349
0.617636
0.422349
0.000788
0.534929
0.792968
0.701955
0.739743
0.867958
0.247945
0.833382
0.119225
0.206953
0.462545
0.051880
0.936363
0.687978
0.214332
0.645787
0.521438
0.456208
0.033231
0.579380
0.919848
0.392713
0.018980
0.982069
0.680967
0.247945
0.063139
0.269609
0.621335
0.607295
0.680967
0.398537
0.593305
0.631702
0.991157
0.077396
0.148107
0.551785
