0.083868
0.037386
0.494871
0.416320
0.015340
0.088109
0.082990
0.274108
0.443672
0.779952
0.048718
0.050806
0.314483
0.901437
0.766726
0.247945
0.475349
0.145372
0.002887
0.694975
0.645787
0.964698
0.353438
0.708915
0.638743
0.708915
0.579380
0.011549
0.239663
0.104120
0.345510
0.645787
0.659874
0.145372
0.614310
0.531367
0.792968
0.283274
0.508082
0.719131
0.453223
0.416320
0.011549
0.862416
0.063139
0.116956
0.192809
0.915418
0.065784
0.680967
0.304589
0.799391
0.773363
0.600293
0.666913
0.579380
0.851058
0.873406
0.416320
0.356298
0.833382
0.095372
0.218100
0.021216
0.050806
0.045735
0.265165
0.833382
0.666913
0.239663
0.773363
0.119225
0.873406
0.501457
0.528168
0.955720
0.221921
0.508082
0.708915
0.269609
0.694975
0.808743
0.314483
0.694975
0.356298
0.039021
0.039863
0.199779
0.428427
0.276259
0.779952
0.027928
0.037386
0.199779
0.910872
0.645787
0.645787
0.494871
0.260777
0.862416
