0.166890
0.431323
0.856782
0.043840
0.586333
0.896552
0.324601
0.223749
0.659874
0.773363
0.488323
0.153709
0.260777
0.673945
0.659874
0.219903
0.851058
0.565535
0.386941
0.422349
0.558648
0.910872
0.508082
0.988575
0.970039
0.042921
0.045735
0.579380
0.746548
0.404413
0.862416
0.901437
0.404413
0.701955
0.468925
0.845248
0.025584
0.638743
0.856782
0.514742
0.833382
0.055775
0.845248
0.680967
0.673945
0.381222
0.991157
0.964698
0.221921
0.456208
0.593305
0.294921
0.153709
0.290171
0.862416
0.673945
0.906211
0.043403
0.252167
0.364388
0.673945
0.440730
0.342708
0.856782
0.638743
0.072841
0.867958
0.833382
0.856782
0.862416
0.753315
0.856782
0.497986
0.739743
0.746548
0.786488
0.260777
0.235604
0.792968
0.112531
0.468925
0.659874
0.307171
0.732903
0.247945
0.739743
0.334944
0.398537
0.205045
0.148107
0.856782
0.488323
0.375557
0.687978
0.910872
0.586333
0.845248
0.906211
0.468925
0.456208
