0.972517
0.964698
0.254412
0.919848
0.541722
0.356298
0.410341
0.924159
0.862416
0.241822
0.701955
0.901437
0.839356
0.593305
0.972517
0.919848
0.254412
0.345510
0.766726
0.845248
0.075850
0.856782
0.906211
0.753315
0.475349
0.862416
0.961834
0.384225
0.422349
0.579380
0.666913
0.269609
0.856782
0.645787
0.964698
0.392713
0.845248
0.199779
0.243777
0.494871
0.468925
0.760042
0.708915
0.534929
0.345510
0.572447
0.386941
0.593305
0.779952
0.462545
0.915418
0.839356
0.150886
0.773363
0.206953
0.449917
0.839356
0.760042
0.531367
0.237734
0.169963
0.961834
0.991157
0.635407
0.361775
0.856782
0.910872
0.673945
0.766726
0.659874
0.666913
0.156577
0.494871
0.739743
0.773363
0.148107
0.481816
0.517910
0.514742
0.538143
0.278663
0.176249
0.319514
0.985553
0.924159
0.121532
0.565535
0.680967
0.878757
0.924159
0.453223
0.514742
0.991157
0.992290
0.558648
0.867958
0.958842
0.210617
0.659874
0.299727
