0.936363
0.779952
0.214332
0.715853
0.845248
0.008270
0.673945
0.586333
0.919848
0.091676
0.206953
0.910872
0.666913
0.269609
0.294921
0.593305
0.334944
0.067143
0.845248
0.666913
0.278663
0.271733
0.015340
0.531367
0.140030
0.437474
0.792968
0.593305
0.008080
0.760042
0.760042
0.687978
0.104120
0.182726
0.538143
0.003103
0.102105
0.381222
0.673945
0.915418
0.422349
0.856782
0.673945
0.016787
0.565535
0.753315
0.666913
0.214332
0.042921
0.958842
0.020293
0.106169
0.014997
0.958842
0.214332
0.856782
0.673945
0.624665
0.514742
0.607295
0.392713
0.134857
0.878757
0.404413
0.049752
0.915418
0.967432
0.324601
0.182726
0.081343
0.638743
0.028545
0.013697
0.443672
0.856782
0.760042
0.708915
0.746548
0.247945
0.356298
0.334944
0.538143
0.007713
0.970039
0.856782
0.329745
0.235604
0.833382
0.579380
0.766726
0.088109
0.128687
0.961834
0.862416
0.265165
0.276259
0.358886
0.732903
0.078138
0.037386
