0.501457
0.541722
0.786488
0.607295
0.694975
0.481816
0.039863
0.701955
0.928349
0.586333
0.304589
0.873406
0.283274
0.687978
0.827331
0.628368
0.867958
0.256445
0.468925
0.680967
0.350877
0.862416
0.851058
0.453223
0.786488
0.538143
0.628368
0.593305
0.659874
0.004712
0.586333
0.514742
0.345510
0.319514
0.149564
0.422349
0.821206
0.260777
0.999417
0.891559
0.586333
0.694975
0.862416
0.481816
0.022179
0.779952
0.621335
0.600293
0.364388
0.233700
0.307171
0.475349
0.386941
0.851058
0.896552
0.851058
0.856782
0.958842
0.862416
0.673945
0.475349
0.827331
0.521438
0.862416
0.481816
0.004825
0.687978
0.334944
0.345510
0.845248
0.149564
0.708915
0.815009
0.773363
0.645787
0.538143
0.792968
0.462545
0.851058
0.600293
0.398537
0.235604
0.839356
0.779952
0.101163
0.579380
0.607295
0.901437
0.652832
0.786488
0.680967
0.247945
0.873406
0.340199
0.278663
0.558648
0.856782
0.250160
0.593305
0.726032
