0.216111
0.381222
0.766726
0.353438
0.701955
0.949090
0.694975
0.045735
0.514742
0.652832
0.915418
0.779952
0.915418
0.065784
0.481816
0.039021
0.593305
0.732903
0.792968
0.845248
0.524622
0.501457
0.524622
0.089877
0.304589
0.815009
0.631702
0.680967
0.815009
0.614310
0.572447
0.726032
0.666913
0.369946
0.449917
0.192809
0.449917
0.247945
0.753315
0.235604
0.596613
0.353438
0.924159
0.659874
0.856782
0.572447
0.579380
0.645787
0.906211
0.082990
0.739743
0.203341
0.449917
0.726032
0.631702
0.638743
0.219903
0.329745
0.932418
0.372892
0.076579
0.009287
0.285477
0.701955
0.732903
0.508082
0.910872
0.845248
0.309508
0.906211
0.227647
0.952469
0.381222
0.906211
0.462545
0.299727
0.603608
0.182726
0.600293
0.361775
0.247945
0.027324
0.071377
0.666913
0.845248
0.999417
0.367306
0.162447
0.102105
0.773363
0.839356
0.579380
0.779952
0.967432
0.304589
0.468925
0.808743
0.192809
0.638743
0.815009
