0.269609
0.375557
0.319514
0.833382
0.225794
0.186038
0.666913
0.107262
0.915418
0.121532
0.673945
0.586333
0.386941
0.910872
0.018980
0.544950
0.121532
0.593305
0.915418
0.856782
0.746548
0.044778
0.173082
0.673945
0.521438
0.628368
0.386941
0.334944
0.456208
0.666913
0.786488
0.150886
0.134857
0.517910
0.753315
0.932418
0.534929
0.673945
0.856782
0.638743
0.607295
0.586333
0.398537
0.319514
0.851058
0.673945
0.319514
0.551785
0.023949
0.631702
0.928349
0.628368
0.666913
0.970039
0.565535
0.680967
0.970039
0.381222
0.314483
0.475349
0.034305
0.652832
0.256445
0.862416
0.192809
0.833382
0.621335
0.475349
0.056945
0.719131
0.121532
0.586333
0.302279
0.488323
0.970039
0.381222
0.851058
0.786488
0.342708
0.786488
0.128687
0.059353
0.494871
0.760042
0.404413
0.746548
0.712205
0.231599
0.673945
0.531367
0.324601
0.760042
0.329745
0.565535
0.845248
0.042019
0.112531
0.766726
0.233700
0.766726
