0.292664
0.494871
0.398537
0.773363
0.324601
0.906211
0.732903
0.600293
0.924159
0.199779
0.906211
0.958842
0.906211
0.967432
0.760042
0.687978
0.319514
0.739743
0.952469
0.673945
0.964698
0.739743
0.265165
0.572447
0.356298
0.514742
0.851058
0.203341
0.906211
0.645787
0.919848
0.586333
0.538143
0.488323
0.760042
0.233700
0.928349
0.052975
0.739743
0.705254
0.538143
0.862416
0.687978
0.645787
0.538143
0.856782
0.896552
0.340199
0.753315
0.392713
0.508082
0.214332
0.114725
0.687978
0.808743
0.443672
0.906211
0.766726
0.212370
0.011549
0.145372
0.398537
0.410341
0.324601
0.468925
0.638743
0.970039
0.910872
0.196269
0.659874
0.494871
0.446953
0.766726
0.247945
0.638743
0.065784
0.638743
0.988575
0.652832
0.028545
0.000808
0.061853
0.673945
0.786488
0.862416
0.833382
0.182726
0.192809
0.274108
0.839356
0.386941
0.833382
0.961834
0.999417
0.572447
0.565535
0.334944
0.845248
0.607295
0.052975
