0.007025
0.753315
0.329745
0.631702
0.614310
0.839356
0.116956
0.176249
0.932418
0.779952
0.416320
0.140030
0.645787
0.508082
0.624665
0.821206
0.508082
0.779952
0.027928
0.437474
0.708915
0.558648
0.572447
0.932418
0.329745
0.348045
0.449917
0.799391
0.760042
0.299727
0.544950
0.218100
0.753315
0.856782
0.680967
0.214332
0.182726
0.133656
0.572447
0.528168
0.434555
0.353438
0.867958
0.694975
0.919848
0.079726
0.481816
0.680967
0.839356
0.851058
0.229720
0.290171
0.309508
0.105194
0.856782
0.361775
0.919848
0.165451
0.196269
0.919848
0.003030
0.260777
0.110374
0.799391
0.753315
0.381222
0.624665
0.101163
0.779952
0.481816
0.593305
0.278663
0.169963
0.099199
0.265165
0.628368
0.501457
0.873406
0.624665
0.481816
0.856782
0.000400
0.659874
0.680967
0.531367
0.110374
0.786488
0.779952
0.114725
0.666913
0.928349
0.773363
0.227647
0.314483
0.521438
0.726032
0.501457
0.786488
0.051880
0.558648
