0.169963
0.680967
0.766726
0.815009
0.422349
0.121532
0.928349
0.638743
0.799391
0.040722
0.410341
0.614310
0.753315
0.808743
0.443672
0.558648
0.494871
0.012370
0.924159
0.614310
0.881257
0.645787
0.358886
0.712205
0.544950
0.475349
0.558648
0.680967
0.256445
0.924159
0.440730
0.035815
0.558648
0.517910
0.808743
0.142680
0.779952
0.987120
0.596613
0.753315
0.456208
0.348045
0.607295
0.121532
0.961834
0.541722
0.551785
0.358886
0.462545
0.705254
0.732903
0.119225
0.558648
0.896552
0.227647
0.680967
0.617636
0.955720
0.538143
0.779952
0.593305
0.314483
0.369946
0.593305
0.123878
0.992290
0.184463
0.110374
0.369946
0.456208
0.624665
0.089877
0.919848
0.449917
0.617636
0.544950
0.551785
0.833382
0.726032
0.097269
0.753315
0.488323
0.416320
0.239663
0.839356
0.792968
0.753315
0.086372
0.247945
0.673945
0.600293
0.114725
0.440730
0.773363
0.182726
0.449917
0.285477
0.719131
0.203341
0.961834
