0.233700
0.153709
0.021216
0.361775
0.169963
0.906211
0.739743
0.773363
0.001075
0.961834
0.989919
0.280840
0.551785
0.223749
0.177934
0.022179
0.038195
0.998961
0.456208
0.299727
0.638743
0.049752
0.760042
0.680967
0.544950
0.428427
0.099199
0.353438
0.753315
0.369946
0.456208
0.243777
0.014997
0.839356
0.786488
0.815009
0.283274
0.386941
0.624665
0.162447
0.851058
0.440730
0.044778
0.989919
0.915418
0.596613
0.314483
0.014661
0.494871
0.964698
0.652832
0.558648
0.345510
0.294921
0.673945
0.468925
0.867958
0.075047
0.162447
0.805752
0.179463
0.932418
0.356298
0.002751
0.572447
0.821206
0.886460
0.456208
0.182726
0.494871
0.586333
0.145372
0.600293
0.404413
0.437474
0.572447
0.910872
0.924159
0.129849
0.928349
0.422349
0.364388
0.753315
0.786488
0.329745
0.145372
0.708915
0.687978
0.600293
0.088109
0.011549
0.964698
0.504591
0.551785
0.223749
0.673945
0.760042
0.199779
0.392713
0.214332
