0.324601
0.726032
0.514742
0.314483
0.666913
0.779952
0.815009
0.517910
0.919848
0.593305
0.475349
0.042921
0.108254
0.314483
0.821206
0.726032
0.873406
0.687978
0.712205
0.044778
0.060591
0.558648
0.084666
0.773363
0.223749
0.961834
0.462545
0.687978
0.694975
0.886460
0.102105
0.132333
0.989919
0.034305
0.779952
0.726032
0.538143
0.739743
0.845248
0.431323
0.851058
0.210617
0.334944
0.967432
0.659874
0.098179
0.082990
0.833382
0.271733
0.600293
0.638743
0.449917
0.808743
0.600293
0.280840
0.666913
0.839356
0.928349
0.827331
0.278663
0.531367
0.906211
0.558648
0.760042
0.274108
0.309508
0.010297
0.127406
0.579380
0.005624
0.572447
0.821206
0.290171
0.891559
0.694975
0.610616
0.659874
0.128687
0.694975
0.299727
0.680967
0.231599
0.475349
0.156577
0.179463
0.593305
0.915418
0.309508
0.659874
0.964698
0.501457
0.593305
0.078138
0.007361
0.802412
0.084666
0.156577
0.572447
0.176249
0.645787
