0.449917
0.314483
0.524622
0.235604
0.558648
0.285477
0.196269
0.645787
0.008270
0.719131
0.511232
0.827331
0.932418
0.617636
0.182726
0.001246
0.617636
0.719131
0.294921
0.915418
0.839356
0.719131
0.437474
0.919848
0.967432
0.991157
0.189398
0.821206
0.084666
0.443672
0.156577
0.856782
0.231599
0.517910
0.867958
0.392713
0.766726
0.659874
0.299727
0.851058
0.488323
0.967432
0.192809
0.431323
0.173082
0.386941
0.410341
0.538143
0.610616
0.481816
0.334944
0.964698
0.165451
0.989919
0.294921
0.766726
0.340199
0.659874
0.089877
0.404413
0.494871
0.766726
0.369946
0.833382
0.227647
0.551785
0.659874
0.919848
0.060591
0.112531
0.766726
0.475349
0.856782
0.845248
0.551785
0.565535
0.753315
0.867958
0.901437
0.192809
0.206953
0.873406
0.919848
0.008270
0.468925
0.856782
0.294921
0.544950
0.910872
0.051880
0.142680
0.186038
0.821206
0.680967
0.150886
0.235604
0.375557
0.915418
0.680967
0.906211
