0.652832
0.334944
0.392713
0.766726
0.392713
0.572447
0.945583
0.123878
0.340199
0.845248
0.309508
0.481816
0.342708
0.983870
0.910872
0.044332
0.162447
0.156577
0.815009
0.165451
0.337426
0.845248
0.659874
0.753315
0.614310
0.760042
0.579380
0.666913
0.652832
0.949090
0.475349
0.132333
0.845248
0.054091
0.773363
0.521438
0.746548
0.659874
0.773363
0.551785
0.652832
0.544950
0.404413
0.579380
0.952469
0.773363
0.024483
0.462545
0.680967
0.121532
0.987120
0.283274
0.593305
0.910872
0.845248
0.821206
0.196269
0.223749
0.290171
0.544950
0.856782
0.280840
0.404413
0.746548
0.673945
0.891559
0.319514
0.276259
0.958842
0.572447
0.673945
0.773363
0.416320
0.156577
0.779952
0.732903
0.999213
0.231599
0.018560
0.638743
0.381222
0.488323
0.449917
0.712205
0.218100
0.572447
0.443672
0.666913
0.631702
0.446953
0.558648
0.247945
0.551785
0.443672
0.179463
0.919848
0.260777
0.988575
0.278663
0.766726
