0.906211
0.102105
0.386941
0.189398
0.015690
0.760042
0.353438
0.666913
0.036592
0.375557
0.915418
0.142680
0.508082
0.746548
0.708915
0.025028
0.558648
0.659874
0.375557
0.210617
0.739743
0.181174
0.381222
0.680967
0.179463
0.652832
0.081343
0.039863
0.666913
0.531367
0.766726
0.732903
0.521438
0.392713
0.586333
0.134857
0.760042
0.988575
0.381222
0.628368
0.659874
0.089877
0.145372
0.192809
0.558648
0.815009
0.687978
0.468925
0.607295
0.719131
0.153709
0.481816
0.821206
0.475349
0.607295
0.422349
0.375557
0.534929
0.462545
0.901437
0.732903
0.456208
0.896552
0.014661
0.760042
0.952469
0.309508
0.324601
0.856782
0.416320
0.319514
0.276259
0.659874
0.964698
0.381222
0.708915
0.964698
0.488323
0.792968
0.952469
0.753315
0.140030
0.726032
0.952469
0.243777
0.659874
0.218100
0.701955
0.572447
0.026732
0.252167
0.910872
0.544950
0.042491
0.833382
0.621335
0.449917
0.766726
0.304589
0.304589
