0.179463
0.766726
0.708915
0.462545
0.607295
0.544950
0.694975
0.437474
0.786488
0.786488
0.319514
0.999213
0.404413
0.815009
0.766726
0.203341
0.521438
0.544950
0.586333
0.732903
0.779952
0.821206
0.579380
0.137423
0.381222
0.358886
0.753315
0.614310
0.732903
0.514742
0.949090
0.786488
0.538143
0.488323
0.353438
0.093508
0.955720
0.891559
0.002241
0.760042
0.992290
0.524622
0.614310
0.924159
0.404413
0.958842
0.398537
0.624665
0.786488
0.110374
0.891559
0.392713
0.538143
0.033573
0.862416
0.906211
0.924159
0.290171
0.862416
0.524622
0.945583
0.203341
0.462545
0.799391
0.958842
0.501457
0.952469
0.928349
0.631702
0.760042
0.231599
0.392713
0.538143
0.896552
0.014011
0.673945
0.910872
0.862416
0.631702
0.961834
0.046710
0.304589
0.329745
0.304589
0.392713
0.372892
0.786488
0.572447
0.624665
0.862416
0.708915
0.324601
0.989919
0.252167
0.827331
0.970039
0.652832
0.337426
0.329745
0.949090
