0.340199
0.364388
0.579380
0.304589
0.753315
0.988575
0.468925
0.839356
0.726032
0.666913
0.050806
0.896552
0.766726
0.239663
0.652832
0.808743
0.666913
0.645787
0.309508
0.845248
0.239663
0.983870
0.680967
0.256445
0.579380
0.131151
0.231599
0.572447
0.958842
0.468925
0.329745
0.638743
0.821206
0.915418
0.256445
0.680967
0.488323
0.915418
0.645787
0.753315
0.227647
0.269609
0.294921
0.906211
0.659874
0.617636
0.786488
0.294921
0.958842
0.862416
0.206953
0.462545
0.867958
0.732903
0.593305
0.358886
0.153709
0.428427
0.645787
0.982069
0.269609
0.247945
0.247945
0.558648
0.906211
0.475349
0.551785
0.766726
0.617636
0.659874
0.416320
0.739743
0.910872
0.680967
0.988575
0.964698
0.524622
0.078971
0.760042
0.746548
0.369946
0.673945
0.218100
0.153709
0.019408
0.531367
0.431323
0.856782
0.839356
0.462545
0.845248
0.290171
0.558648
0.766726
0.631702
0.746548
0.572447
0.753315
0.739743
0.878757
