0.005364
0.501457
0.131151
0.462545
0.356298
0.392713
0.593305
0.034305
0.434555
0.168501
0.565535
0.732903
0.041598
0.579380
0.089877
0.687978
0.287941
0.386941
0.760042
0.035815
0.229720
0.970039
0.481816
0.116956
0.862416
0.004997
0.673945
0.292664
0.565535
0.964698
0.290171
0.508082
0.334944
0.673945
0.020750
0.792968
0.026152
0.652832
0.970039
0.673945
0.610616
0.276259
0.428427
0.340199
0.659874
0.091676
0.462545
0.579380
0.873406
0.021693
0.845248
0.206953
0.088109
0.910872
0.919848
0.544950
0.337426
0.928349
0.428427
0.915418
0.051880
0.652832
0.088109
0.229720
0.753315
0.856782
0.148107
0.203341
0.593305
0.873406
0.007361
0.534929
0.104120
0.481816
0.481816
0.773363
0.511232
0.617636
0.225794
0.269609
0.189398
0.165451
0.961834
0.524622
0.285477
0.129849
0.010297
0.334944
0.026732
0.434555
0.324601
0.856782
0.150886
0.156577
0.600293
0.862416
0.214332
0.186038
0.468925
0.039021
