0.449917
0.845248
0.891559
0.652832
0.955720
0.137423
0.839356
0.645787
0.967432
0.342708
0.739743
0.494871
0.199779
0.481816
0.319514
0.915418
0.827331
0.353438
0.579380
0.808743
0.203341
0.799391
0.206953
0.746548
0.416320
0.901437
0.746548
0.955720
0.142680
0.839356
0.148107
0.572447
0.514742
0.760042
0.839356
0.501457
0.652832
0.593305
0.136202
0.392713
0.468925
0.732903
0.833382
0.596613
0.314483
0.928349
0.375557
0.579380
0.779952
0.906211
0.221921
0.964698
0.203341
0.206953
0.278663
0.839356
0.314483
0.247945
0.593305
0.189398
0.348045
0.375557
0.739743
0.952469
0.603608
0.659874
0.119225
0.839356
0.600293
0.586333
0.375557
0.428427
0.572447
0.488323
0.340199
0.126262
0.786488
0.524622
0.961834
0.054091
0.544950
0.106169
0.760042
0.488323
0.952469
0.999417
0.501457
0.319514
0.531367
0.967432
0.419169
0.833382
0.766726
0.462545
0.488323
0.501457
0.579380
0.256445
0.579380
0.753315
