0.932418
0.799391
0.856782
0.621335
0.915418
0.475349
0.638743
0.687978
0.972517
0.739743
0.381222
0.753315
0.659874
0.481816
0.786488
0.434555
0.856782
0.544950
0.726032
0.666913
0.381222
0.792968
0.250160
0.528168
0.987120
0.114725
0.708915
0.851058
0.652832
0.538143
0.955720
0.256445
0.694975
0.312119
0.434555
0.833382
0.173082
0.732903
0.016787
0.165451
0.739743
0.799391
0.779952
0.544950
0.659874
0.833382
0.753315
0.206953
0.440730
0.514742
0.361775
0.808743
0.082990
0.035815
0.085560
0.449917
0.924159
0.659874
0.494871
0.252167
0.839356
0.153709
0.799391
0.964698
0.488323
0.538143
0.456208
0.673945
0.494871
0.372892
0.621335
0.666913
0.431323
0.369946
0.002529
0.128687
0.468925
0.652832
0.867958
0.572447
0.652832
0.851058
0.088109
0.314483
0.398537
0.746548
0.056388
0.274108
0.324601
0.687978
0.915418
0.462545
0.652832
0.645787
0.210617
0.694975
0.628368
0.440730
0.726032
0.108254
