0.673945
0.446953
0.851058
0.607295
0.773363
0.970039
0.586333
0.687978
0.878757
0.839356
0.410341
0.607295
0.140030
0.538143
0.091676
0.453223
0.967432
0.494871
0.586333
0.068529
0.753315
0.014661
0.673945
0.218100
0.218100
0.243777
0.528168
0.970039
0.991157
0.508082
0.468925
0.456208
0.047704
0.579380
0.673945
0.687978
0.023700
0.760042
0.610616
0.410341
0.687978
0.361775
0.786488
0.915418
0.586333
0.932418
0.179463
0.896552
0.051880
0.428427
0.659874
0.041598
0.856782
0.462545
0.955720
0.265165
0.805752
0.162447
0.169963
0.624665
0.101163
0.544950
0.508082
0.779952
0.924159
0.269609
0.970039
0.364388
0.375557
0.319514
0.488323
0.839356
0.032520
0.867958
0.079726
0.915418
0.694975
0.673945
0.206953
0.267263
0.666913
0.304589
0.815009
0.186038
0.856782
0.449917
0.068529
0.119225
0.179463
0.628368
0.753315
0.481816
0.701955
0.142680
0.827331
0.114725
0.350877
0.309508
0.233700
0.119225
