0.694975
0.915418
0.422349
0.572447
0.687978
0.235604
0.779952
0.324601
0.666913
0.666913
0.126262
0.952469
0.037386
0.358886
0.673945
0.386941
0.862416
0.027928
0.766726
0.036592
0.358886
0.558648
0.856782
0.766726
0.586333
0.319514
0.910872
0.773363
0.299727
0.773363
0.802412
0.084666
0.381222
0.058775
0.773363
0.077396
0.638743
0.112531
0.025028
0.544950
0.572447
0.488323
0.579380
0.958842
0.210617
0.821206
0.524622
0.235604
0.206953
0.210617
0.687978
0.329745
0.231599
0.032855
0.624665
0.252167
0.839356
0.000154
0.673945
0.786488
0.945583
0.712205
0.851058
0.350877
0.443672
0.856782
0.732903
0.517910
0.808743
0.165451
0.779952
0.356298
0.299727
0.061853
0.047704
0.369946
0.952469
0.404413
0.027324
0.593305
0.475349
0.084666
0.456208
0.022675
0.481816
0.873406
0.586333
0.638743
0.586333
0.845248
0.851058
0.126262
0.958842
0.106169
0.369946
0.827331
0.600293
0.851058
0.501457
0.019408
