0.218100
0.179463
0.579380
0.673945
0.046710
0.494871
0.701955
0.199779
0.098179
0.607295
0.203341
0.051880
0.243777
0.425222
0.910872
0.084666
0.206953
0.095372
0.218100
0.082990
0.815009
0.061853
0.746548
0.652832
0.029174
0.638743
0.462545
0.029174
0.666913
0.701955
0.223749
0.624665
0.010297
0.906211
0.906211
0.017169
0.231599
0.896552
0.314483
0.137423
0.044332
0.694975
0.033573
0.786488
0.481816
0.304589
0.449917
0.019408
0.456208
0.680967
0.462545
0.006035
0.808743
0.910872
0.025584
0.192809
0.528168
0.659874
0.719131
0.786488
0.910872
0.114725
0.398537
0.063139
0.572447
0.701955
0.299727
0.511232
0.140030
0.896552
0.845248
0.488323
0.045735
0.821206
0.314483
0.081343
0.074331
0.694975
0.833382
0.252167
0.410341
0.732903
0.110374
0.192809
0.786488
0.416320
0.369946
0.652832
0.025319
0.076579
0.708915
0.256445
0.199779
0.294921
0.425222
0.985553
0.753315
0.544950
0.015690
0.645787
