0.299727
0.708915
0.091676
0.779952
0.128687
0.084666
0.659874
0.069940
0.572447
0.593305
0.227647
0.565535
0.508082
0.967432
0.449917
0.862416
0.404413
0.142680
0.673945
0.324601
0.839356
0.468925
0.235604
0.992290
0.468925
0.000421
0.779952
0.131151
0.425222
0.673945
0.572447
0.760042
0.652832
0.719131
0.919848
0.833382
0.005895
0.481816
0.274108
0.687978
0.928349
0.019846
0.210617
0.410341
0.140030
0.156577
0.614310
0.833382
0.821206
0.901437
0.375557
0.786488
0.000973
0.434555
0.422349
0.694975
0.443672
0.243777
0.792968
0.607295
0.398537
0.142680
0.398537
0.404413
0.227647
0.572447
0.168501
0.760042
0.833382
0.186038
0.666913
0.468925
0.766726
0.005624
0.292664
0.593305
0.579380
0.638743
0.815009
0.873406
0.786488
0.392713
0.196269
0.541722
0.652832
0.891559
0.856782
0.673945
0.416320
0.673945
0.773363
0.114725
0.243777
0.422349
0.919848
0.726032
0.011549
0.462545
0.508082
0.044778
