0.760042
0.475349
0.437474
0.919848
0.059353
0.456208
0.862416
0.340199
0.815009
0.140030
0.068529
0.856782
0.961834
0.245964
0.586333
0.659874
0.182726
0.235604
0.972517
0.919848
0.924159
0.508082
0.593305
0.449917
0.159489
0.856782
0.652832
0.140030
0.364388
0.932418
0.845248
0.993324
0.229720
0.766726
0.189398
0.091676
0.924159
0.773363
0.392713
0.753315
0.000731
0.915418
0.726032
0.065784
0.732903
0.593305
0.989919
0.453223
0.799391
0.901437
0.086372
0.404413
0.988575
0.494871
0.673945
0.239663
0.060591
0.891559
0.910872
0.099199
0.579380
0.428427
0.766726
0.276259
0.065784
0.862416
0.851058
0.989919
0.297443
0.398537
0.732903
0.910872
0.766726
0.572447
0.274108
0.558648
0.140030
0.169963
0.753315
0.299727
0.356298
0.095372
0.701955
0.245964
0.462545
0.179463
0.398537
0.000466
0.521438
0.449917
0.019846
0.016414
0.932418
0.906211
0.528168
0.422349
0.739743
0.443672
0.760042
0.468925
