0.332201
0.531367
0.551785
0.497986
0.558648
0.845248
0.061253
0.290171
0.186038
0.862416
0.600293
0.260777
0.746548
0.862416
0.468925
0.617636
0.468925
0.786488
0.392713
0.494871
0.680967
0.614310
0.673945
0.392713
0.551785
0.955720
0.497986
0.468925
0.924159
0.077396
0.851058
0.856782
0.792968
0.779952
0.039863
0.821206
0.565535
0.210617
0.367306
0.833382
0.862416
0.166890
0.821206
0.773363
0.356298
0.256445
0.958842
0.779952
0.593305
0.056388
0.544950
0.961834
0.475349
0.501457
0.440730
0.488323
0.551785
0.168501
0.488323
0.593305
0.256445
0.833382
0.419169
0.565535
0.915418
0.221921
0.760042
0.839356
0.873406
0.694975
0.256445
0.538143
0.247945
0.171598
0.521438
0.845248
0.779952
0.159489
0.906211
0.867958
0.792968
0.443672
0.961834
0.011675
0.875953
0.488323
0.862416
0.462545
0.027324
0.140030
0.680967
0.593305
0.206953
0.766726
0.494871
0.773363
0.659874
0.659874
0.673945
0.739743
