0.680967
0.196269
0.680967
0.052975
0.845248
0.256445
0.579380
0.494871
0.652832
0.488323
0.845248
0.773363
0.753315
0.410341
0.481816
0.958842
0.494871
0.821206
0.283274
0.987120
0.659874
0.210617
0.586333
0.260777
0.231599
0.243777
0.068529
0.586333
0.462545
0.494871
0.652832
0.753315
0.074331
0.422349
0.906211
0.294921
0.896552
0.521438
0.746548
0.521438
0.760042
0.095372
0.156577
0.760042
0.398537
0.586333
0.753315
0.340199
0.093508
0.760042
0.551785
0.437474
0.260777
0.687978
0.521438
0.494871
0.468925
0.494871
0.732903
0.558648
0.511232
0.196269
0.199779
0.845248
0.746548
0.410341
0.572447
0.964698
0.494871
0.468925
0.475349
0.114725
0.886460
0.521438
0.760042
0.514742
0.410341
0.544950
0.565535
0.910872
0.901437
0.176249
0.199779
0.652832
0.558648
0.528168
0.206953
0.652832
0.624665
0.839356
0.659874
0.773363
0.766726
0.906211
0.766726
0.265165
0.856782
0.064449
0.624665
0.910872
