0.079726
0.058775
0.054627
0.055229
0.073543
0.815009
0.437474
0.369946
0.324601
0.173082
0.815009
0.475349
0.294921
0.110374
0.645787
0.214332
0.031463
0.631702
0.638743
0.851058
0.127406
0.936363
0.924159
0.967432
0.410341
0.687978
0.095372
0.166890
0.712205
0.369946
0.673945
0.076579
0.701955
0.766726
0.851058
0.416320
0.614310
0.786488
0.687978
0.134857
0.919848
0.227647
0.039021
0.886460
0.358886
0.967432
0.531367
0.049752
0.680967
0.924159
0.586333
0.287941
0.614310
0.845248
0.753315
0.243777
0.182726
0.182726
0.856782
0.468925
0.732903
0.631702
0.030472
0.096266
0.821206
0.802412
0.488323
0.001426
0.924159
0.593305
0.992290
0.410341
0.614310
0.440730
0.766726
0.081343
0.572447
0.059353
0.955720
0.324601
0.766726
0.732903
0.189398
0.511232
0.958842
0.652832
0.375557
0.815009
0.014011
0.593305
0.032152
0.891559
0.558648
0.645787
0.010062
0.694975
0.994262
0.924159
0.168501
0.528168
