0.198110
0.146806
0.856782
0.528168
0.786488
0.280840
0.862416
0.799391
0.283274
0.247945
0.156577
0.687978
0.290171
0.896552
0.680967
0.628368
0.494871
0.227647
0.508082
0.638743
0.726032
0.833382
0.815009
0.845248
0.531367
0.260777
0.528168
0.786488
0.276259
0.867958
0.558648
0.891559
0.565535
0.712205
0.839356
0.896552
0.659874
0.097269
0.319514
0.760042
0.753315
0.278663
0.792968
0.726032
0.659874
0.970039
0.189398
0.949090
0.638743
0.856782
0.945583
0.815009
0.119225
0.260777
0.687978
0.468925
0.652832
0.617636
0.398537
0.579380
0.126262
0.906211
0.233700
0.786488
0.280840
0.928349
0.494871
0.524622
0.739743
0.815009
0.915418
0.538143
0.896552
0.058775
0.659874
0.260777
0.856782
0.538143
0.504591
0.779952
0.475349
0.687978
0.766726
0.243777
0.307171
0.265165
0.839356
0.440730
0.040722
0.181174
0.462545
0.252167
0.845248
0.558648
0.949090
0.243777
0.964698
0.309508
0.358886
0.319514
