0.753315
0.551785
0.544950
0.839356
0.299727
0.586333
0.659874
0.901437
0.358886
0.600293
0.746548
0.839356
0.514742
0.265165
0.304589
0.067143
0.239663
0.708915
0.456208
0.501457
0.779952
0.088109
0.673945
0.600293
0.353438
0.652832
0.833382
0.112531
0.867958
0.739743
0.416320
0.694975
0.012370
0.481816
0.862416
0.299727
0.304589
0.839356
0.150886
0.786488
0.541722
0.381222
0.610616
0.345510
0.906211
0.475349
0.607295
0.488323
0.069940
0.218100
0.993324
0.025028
0.845248
0.386941
0.565535
0.708915
0.572447
0.084666
0.369946
0.579380
0.008867
0.586333
0.753315
0.443672
0.607295
0.833382
0.760042
0.708915
0.110374
0.329745
0.508082
0.231599
0.192809
0.410341
0.544950
0.168501
0.715853
0.050806
0.538143
0.726032
0.002786
0.607295
0.381222
0.319514
0.967432
0.970039
0.694975
0.845248
0.932418
0.603608
0.687978
0.659874
0.565535
0.593305
0.265165
0.071377
0.260777
0.867958
0.137423
0.072841
