0.593305
0.544950
0.386941
0.673945
0.524622
0.018980
0.353438
0.673945
0.108254
0.896552
0.001102
0.431323
0.416320
0.753315
0.989919
0.386941
0.815009
0.013389
0.018980
0.932418
0.319514
0.970039
0.425222
0.501457
0.475349
0.867958
0.753315
0.182726
0.034305
0.137423
0.919848
0.572447
0.856782
0.610616
0.501457
0.319514
0.856782
0.121532
0.434555
0.739743
0.851058
0.128687
0.364388
0.901437
0.005364
0.624665
0.773363
0.572447
0.538143
0.949090
0.206953
0.278663
0.392713
0.174743
0.701955
0.987120
0.631702
0.494871
0.992290
0.924159
0.528168
0.192809
0.673945
0.186038
0.001498
0.142680
0.243777
0.206953
0.972517
0.712205
0.572447
0.024229
0.851058
0.016787
0.521438
0.579380
0.732903
0.833382
0.673945
0.992290
0.708915
0.265165
0.901437
0.961834
0.867958
0.845248
0.162447
0.214332
0.621335
0.227647
0.821206
0.002033
0.084666
0.410341
0.851058
0.988575
0.231599
0.214332
0.319514
0.340199
