0.746548
0.746548
0.833382
0.153709
0.565535
0.020750
0.443672
0.340199
0.919848
0.009608
0.196269
0.521438
0.760042
0.746548
0.779952
0.314483
0.739743
0.000808
0.645787
0.302279
0.462545
0.488323
0.680967
0.845248
0.862416
0.269609
0.150886
0.256445
0.036592
0.538143
0.367306
0.915418
0.386941
0.867958
0.961834
0.600293
0.165451
0.652832
0.565535
0.932418
0.468925
0.067143
0.260777
0.018980
0.369946
0.621335
0.760042
0.565535
0.600293
0.906211
0.862416
0.174743
0.304589
0.565535
0.593305
0.392713
0.631702
0.162447
0.086372
0.991157
0.631702
0.558648
0.746548
0.910872
0.186038
0.299727
0.191187
0.958842
0.468925
0.873406
0.827331
0.967432
0.514742
0.040722
0.901437
0.932418
0.475349
0.025028
0.074331
0.961834
0.565535
0.231599
0.319514
0.494871
0.364388
0.494871
0.989919
0.324601
0.369946
0.919848
0.163865
0.150886
0.792968
0.501457
0.821206
0.786488
0.673945
0.766726
0.528168
0.145372
