0.694975
0.054091
0.652832
0.932418
0.014997
0.239663
0.652832
0.766726
0.119225
0.142680
0.666913
0.746548
0.123878
0.514742
0.645787
0.097269
0.989919
0.369946
0.462545
0.673945
0.673945
0.488323
0.666913
0.437474
0.666913
0.833382
0.862416
0.021216
0.239663
0.896552
0.214332
0.839356
0.680967
0.666913
0.358886
0.381222
0.475349
0.112531
0.579380
0.565535
0.694975
0.680967
0.016048
0.182726
0.967432
0.645787
0.565535
0.701955
0.833382
0.739743
0.517910
0.340199
0.732903
0.114725
0.753315
0.410341
0.269609
0.694975
0.206953
0.967432
0.404413
0.278663
0.694975
0.082990
0.243777
0.827331
0.760042
0.851058
0.779952
0.666913
0.081343
0.381222
0.416320
0.035815
0.773363
0.955720
0.701955
0.851058
0.856782
0.206953
0.856782
0.851058
0.398537
0.558648
0.600293
0.753315
0.283274
0.285477
0.381222
0.022675
0.449917
0.462545
0.827331
0.210617
0.514742
0.821206
0.673945
0.047704
0.128687
0.314483
