0.131151
0.169963
0.381222
0.089877
0.022179
0.544950
0.964698
0.028545
0.119225
0.150886
0.753315
0.652832
0.060591
0.392713
0.404413
0.026152
0.116956
0.586333
0.985553
0.821206
0.364388
0.375557
0.375557
0.600293
0.063139
0.056388
0.364388
0.069940
0.910872
0.901437
0.833382
0.140030
0.732903
0.739743
0.924159
0.179463
0.162447
0.329745
0.225794
0.437474
0.964698
0.153709
0.016787
0.886460
0.967432
0.462545
0.081343
0.901437
0.987120
0.680967
0.196269
0.290171
0.214332
0.283274
0.150886
0.760042
0.964698
0.011817
0.839356
0.726032
0.481816
0.314483
0.309508
0.309508
0.462545
0.961834
0.739743
0.425222
0.462545
0.247945
0.680967
0.110374
0.199779
0.265165
0.786488
0.148107
0.991157
0.919848
0.039863
0.753315
0.449917
0.162447
0.538143
0.766726
0.416320
0.404413
0.808743
0.127406
0.064449
0.082990
0.243777
0.919848
0.952469
0.182726
0.565535
0.063139
0.579380
0.247945
0.304589
0.097269
