0.243777
0.199779
0.235604
0.652832
0.148107
0.659874
0.017169
0.112531
0.972517
0.108254
0.928349
0.299727
0.572447
0.440730
0.037386
0.652832
0.089877
0.488323
0.652832
0.475349
0.274108
0.206953
0.462545
0.964698
0.150886
0.324601
0.558648
0.114725
0.673945
0.095372
0.833382
0.494871
0.099199
0.462545
0.760042
0.443672
0.260777
0.558648
0.666913
0.638743
0.100125
0.572447
0.867958
0.108254
0.593305
0.050806
0.269609
0.292664
0.375557
0.565535
0.364388
0.386941
0.572447
0.579380
0.827331
0.110374
0.462545
0.856782
0.544950
0.593305
0.833382
0.961834
0.196269
0.304589
0.659874
0.680967
0.199779
0.468925
0.541722
0.112531
0.652832
0.443672
0.324601
0.746548
0.856782
0.617636
0.179463
0.128687
0.593305
0.631702
0.851058
0.955720
0.572447
0.739743
0.081343
0.694975
0.901437
0.475349
0.055229
0.993324
0.179463
0.792968
0.243777
0.652832
0.621335
0.153709
0.746548
0.029174
0.645787
0.324601
