0.621335
0.075127
0.269609
0.312119
0.078971
0.196269
0.256445
0.786488
0.233700
0.708915
0.061853
0.851058
0.614310
0.514742
0.624665
0.161041
0.593305
0.189398
0.906211
0.786488
0.779952
0.256445
0.027928
0.919848
0.521438
0.494871
0.201647
0.171598
0.243777
0.260777
0.274108
0.501457
0.572447
0.235604
0.773363
0.350877
0.329745
0.443672
0.760042
0.901437
0.989919
0.572447
0.028251
0.694975
0.035052
0.779952
0.287941
0.274108
0.219903
0.964698
0.494871
0.446953
0.026732
0.845248
0.659874
0.821206
0.544950
0.265165
0.356298
0.862416
0.746548
0.064449
0.307171
0.105194
0.039863
0.753315
0.494871
0.694975
0.398537
0.624665
0.839356
0.701955
0.621335
0.173082
0.915418
0.666913
0.739743
0.165451
0.760042
0.579380
0.779952
0.456208
0.189398
0.701955
0.645787
0.063139
0.961834
0.991157
0.378532
0.118146
0.607295
0.047704
0.967432
0.708915
0.350877
0.705254
0.247945
0.680967
0.541722
0.896552
