0.468925
0.008270
0.511232
0.958842
0.000998
0.003179
0.192809
0.086372
0.010536
0.007894
0.021216
0.652832
0.538143
0.265165
0.227647
0.456208
0.227647
0.027324
0.369946
0.896552
0.673945
0.243777
0.142680
0.166890
0.176249
0.726032
0.991157
0.001023
0.004285
0.112531
0.199779
0.121532
0.314483
0.231599
0.096266
0.079726
0.833382
0.239663
0.514742
0.614310
0.514742
0.955720
0.001048
0.007894
0.150886
0.039863
0.631702
0.168501
0.219903
0.449917
0.011675
0.746548
0.558648
0.260777
0.910872
0.302279
0.488323
0.991157
0.364388
0.565535
0.572447
0.833382
0.468925
0.023949
0.142680
0.029174
0.544950
0.121532
0.052975
0.631702
0.013087
0.024483
0.760042
0.005895
0.428427
0.428427
0.521438
0.991157
0.437474
0.906211
0.136202
0.746548
0.652832
0.760042
0.428427
0.680967
0.287941
0.137423
0.468925
0.002887
0.462545
0.002958
0.739743
0.565535
0.265165
0.025584
0.891559
0.003539
0.358886
0.673945
