0.030787
0.739743
0.050806
0.712205
0.410341
0.052975
0.022675
0.049752
0.121532
0.107262
0.052975
0.652832
0.348045
0.964698
0.153709
0.565535
0.051880
0.214332
0.304589
0.285477
0.991157
0.586333
0.285477
0.901437
0.292664
0.280840
0.375557
0.753315
0.123878
0.196269
0.008270
0.746548
0.586333
0.886460
0.110374
0.528168
0.068529
0.356298
0.631702
0.586333
0.910872
0.358886
0.739743
0.141419
0.150886
0.050806
0.004184
0.753315
0.579380
0.064449
0.579380
0.165451
0.392713
0.260777
0.256445
0.972517
0.915418
0.565535
0.260777
0.972517
0.051880
0.488323
0.216111
0.600293
0.093508
0.114725
0.067143
0.827331
0.773363
0.739743
0.290171
0.694975
0.119225
0.600293
0.247945
0.579380
0.673945
0.334944
0.299727
0.607295
0.334944
0.006787
0.952469
0.586333
0.726032
0.386941
0.878757
0.544950
0.047704
0.239663
0.416320
0.023700
0.645787
0.102105
0.970039
0.760042
0.337426
0.773363
0.225794
0.116956
