0.033573
0.008270
0.538143
0.064449
0.544950
0.184463
0.184463
0.235604
0.739743
0.278663
0.032520
0.113682
0.398537
0.033231
0.449917
0.231599
0.906211
0.446953
0.237734
0.123878
0.042491
0.481816
0.171598
0.896552
0.392713
0.059353
0.114725
0.732903
0.184463
0.049260
0.055229
0.174743
0.116956
0.131151
0.558648
0.551785
0.353438
0.285477
0.851058
0.511232
0.419169
0.142680
0.821206
0.138790
0.210617
0.233700
0.023700
0.680967
0.165451
0.114725
0.766726
0.544950
0.100125
0.746548
0.896552
0.212370
0.985553
0.462545
0.000122
0.666913
0.000173
0.680967
0.007713
0.638743
0.229720
0.049260
0.018780
0.600293
0.028545
0.319514
0.958842
0.196269
0.449917
0.219903
0.967432
0.358886
0.010062
0.958842
0.239663
0.002083
0.182726
0.013697
0.687978
0.928349
0.252167
0.449917
0.845248
0.833382
0.033573
0.119225
0.416320
0.024768
0.237734
0.265165
0.033956
0.645787
0.666913
0.773363
0.148107
0.497986
