0.168501
0.628368
0.726032
0.350877
0.739743
0.079726
0.961834
0.766726
0.350877
0.129849
0.652832
0.475349
0.955720
0.856782
0.274108
0.614310
0.531367
0.294921
0.732903
0.673945
0.989919
0.988575
0.851058
0.753315
0.666913
0.231599
0.350877
0.726032
0.063139
0.901437
0.915418
0.915418
0.739743
0.851058
0.839356
0.760042
0.044778
0.766726
0.150886
0.991157
0.141419
0.565535
0.687978
0.169963
0.468925
0.839356
0.833382
0.753315
0.851058
0.659874
0.949090
0.199779
0.631702
0.488323
0.631702
0.488323
0.278663
0.192809
0.239663
0.013245
0.579380
0.544950
0.350877
0.645787
0.227647
0.827331
0.839356
0.760042
0.961834
0.673945
0.833382
0.833382
0.235604
0.645787
0.159489
0.915418
0.416320
0.468925
0.227647
0.673945
0.739743
0.340199
0.624665
0.182726
0.456208
0.410341
0.061853
0.386941
0.488323
0.708915
0.276259
0.247945
0.475349
0.955720
0.760042
0.572447
0.987120
0.901437
0.324601
0.290171
