0.488323
0.314483
0.189398
0.586333
0.342708
0.687978
0.243777
0.753315
0.061853
0.214332
0.645787
0.524622
0.252167
0.148107
0.779952
0.314483
0.016048
0.586333
0.524622
0.443672
0.078971
0.050806
0.915418
0.687978
0.462545
0.998961
0.475349
0.235604
0.687978
0.802412
0.808743
0.077396
0.150886
0.839356
0.607295
0.638743
0.760042
0.206953
0.353438
0.410341
0.821206
0.773363
0.342708
0.494871
0.260777
0.783054
0.256445
0.051880
0.786488
0.766726
0.746548
0.666913
0.924159
0.235604
0.145372
0.319514
0.673945
0.212370
0.666913
0.428427
0.036592
0.856782
0.494871
0.132333
0.422349
0.952469
0.705254
0.329745
0.243777
0.329745
0.340199
0.091676
0.845248
0.099199
0.223749
0.666913
0.739743
0.659874
0.271733
0.600293
0.779952
0.081343
0.015340
0.760042
0.162447
0.089877
0.544950
0.673945
0.607295
0.808743
0.074331
0.906211
0.603608
0.153709
0.309508
0.673945
0.410341
0.309508
0.572447
0.673945
