0.701955
0.779952
0.631702
0.600293
0.760042
0.475349
0.928349
0.214332
0.210617
0.456208
0.779952
0.773363
0.299727
0.845248
0.773363
0.345510
0.231599
0.708915
0.845248
0.779952
0.369946
0.833382
0.856782
0.015690
0.386941
0.199779
0.345510
0.375557
0.779952
0.993324
0.494871
0.247945
0.196269
0.600293
0.086372
0.565535
0.901437
0.659874
0.961834
0.719131
0.839356
0.967432
0.680967
0.247945
0.928349
0.329745
0.243777
0.392713
0.475349
0.040722
0.680967
0.196269
0.475349
0.739743
0.982069
0.896552
0.746548
0.666913
0.150886
0.680967
0.666913
0.773363
0.521438
0.839356
0.214332
0.964698
0.851058
0.456208
0.398537
0.319514
0.239663
0.077396
0.815009
0.009074
0.988575
0.732903
0.958842
0.189398
0.694975
0.137423
0.494871
0.687978
0.494871
0.174743
0.687978
0.789564
0.208682
0.987120
0.845248
0.404413
0.150886
0.779952
0.766726
0.565535
0.558648
0.116956
0.867958
0.093508
0.145372
0.760042
