0.345510
0.199779
0.991157
0.206953
0.967432
0.551785
0.802412
0.712205
0.856782
0.821206
0.901437
0.208682
0.011817
0.021216
0.538143
0.565535
0.845248
0.538143
0.353438
0.116956
0.000998
0.551785
0.247945
0.915418
0.833382
0.856782
0.206953
0.967432
0.955720
0.610616
0.231599
0.033573
0.659874
0.008080
0.851058
0.910872
0.924159
0.572447
0.419169
0.179463
0.551785
0.278663
0.579380
0.558648
0.886460
0.327031
0.551785
0.015690
0.001392
0.862416
0.915418
0.856782
0.896552
0.398537
0.102105
0.375557
0.203341
0.839356
0.666913
0.845248
0.481816
0.631702
0.123878
0.967432
0.732903
0.815009
0.108254
0.004880
0.593305
0.026732
0.572447
0.999417
0.845248
0.558648
0.631702
0.271733
0.739743
0.494871
0.833382
0.773363
0.988575
0.906211
0.645787
0.614310
0.324601
0.026152
0.239663
0.309508
0.386941
0.171598
0.952469
0.833382
0.332201
0.039021
0.140030
0.419169
0.256445
0.991157
0.488323
0.839356
