0.283274
0.701955
0.992290
0.708915
0.967432
0.833382
0.067143
0.786488
0.593305
0.753315
0.247945
0.488323
0.239663
0.919848
0.766726
0.514742
0.779952
0.348045
0.494871
0.196269
0.659874
0.680967
0.294921
0.462545
0.719131
0.227647
0.715853
0.992290
0.047704
0.673945
0.324601
0.565535
0.915418
0.631702
0.815009
0.299727
0.524622
0.760042
0.600293
0.967432
0.121532
0.488323
0.928349
0.833382
0.091676
0.773363
0.186038
0.666913
0.666913
0.538143
0.815009
0.827331
0.413167
0.521438
0.779952
0.746548
0.732903
0.084666
0.958842
0.544950
0.416320
0.173082
0.600293
0.779952
0.638743
0.189398
0.701955
0.375557
0.998961
0.964698
0.182726
0.364388
0.443672
0.833382
0.792968
0.404413
0.319514
0.019846
0.821206
0.381222
0.839356
0.072841
0.719131
0.002134
0.779952
0.239663
0.739743
0.260777
0.186038
0.514742
0.910872
0.150886
0.746548
0.392713
0.989919
0.206953
0.739743
0.247945
0.449917
0.337426
