0.063139
0.243777
0.114725
0.003179
0.915418
0.086372
0.915418
0.081343
0.309508
0.206953
0.314483
0.364388
0.294921
0.839356
0.802412
0.116956
0.375557
0.265165
0.375557
0.116956
0.425222
0.964698
0.964698
0.952469
0.624665
0.125002
0.091676
0.196269
0.475349
0.910872
0.084666
0.431323
0.964698
0.915418
0.645787
0.610616
0.419169
0.002958
0.910872
0.645787
0.061853
0.011817
0.381222
0.054091
0.919848
0.235604
0.035815
0.760042
0.958842
0.753315
0.531367
0.425222
0.475349
0.005116
0.753315
0.732903
0.082990
0.206953
0.015340
0.048235
0.404413
0.481816
0.145372
0.319514
0.239663
0.659874
0.624665
0.140030
0.915418
0.958842
0.760042
0.875953
0.208682
0.000004
0.304589
0.753315
0.079726
0.481816
0.392713
0.031141
0.356298
0.538143
0.673945
0.294921
0.821206
0.358886
0.680967
0.572447
0.110374
0.304589
0.214332
0.386941
0.802412
0.108254
0.468925
0.958842
0.856782
0.802412
0.271733
0.260777
