0.595898
0.484284
0.276978
0.434360
0.004158
0.676533
0.245439
0.868349
0.770222
0.001687
0.569570
0.342001
0.401048
0.543677
0.730479
0.730479
0.037091
0.821154
0.216864
0.770217
0.808714
0.411965
0.690064
0.051680
0.169313
0.796055
0.821159
0.004509
0.556559
0.003684
0.937056
0.116430
0.138948
0.569570
0.448674
0.663002
0.152239
0.796060
0.260833
0.937056
0.379789
0.981490
0.879372
0.833370
0.690059
0.000702
0.595898
0.622572
0.622572
0.676533
0.783217
0.572767
0.481324
0.061944
0.845322
0.937056
0.569570
0.821159
0.437154
0.743829
0.833370
0.493490
0.105962
0.007018
0.018926
0.203643
0.796060
0.276981
0.469323
0.369458
0.152247
0.676533
0.148495
0.959422
0.770222
0.845322
0.121456
0.518297
0.018040
0.285330
0.330080
0.743829
0.856986
0.349365
0.185079
0.937056
0.349380
0.445836
0.521370
0.868345
0.048037
0.521370
0.770222
0.937053
0.612462
0.662997
0.676533
0.401048
0.203640
0.051680
