0.689157
0.085432
0.872881
0.023821
0.496504
0.078408
0.794864
0.045500
0.447255
0.138873
0.389789
0.092957
0.936237
0.764177
0.400908
0.984043
0.471525
0.357573
0.645516
0.034006
0.186835
0.368120
0.810330
0.337055
0.575479
0.423711
0.509254
0.317311
0.968093
0.589197
0.222465
0.561915
0.674485
0.645516
0.936237
0.718847
0.006528
0.794864
0.548506
0.904483
0.065768
0.794864
0.054858
0.920344
0.733857
0.857153
0.289145
1.000000
0.920344
0.357573
0.920344
0.262714
0.810330
0.193601
0.689157
0.289145
0.496504
0.368120
0.659937
0.337055
0.052380
0.092957
0.149867
0.589197
0.138873
0.447255
0.081859
0.509254
0.589197
0.920344
0.092957
0.589197
0.689157
0.238000
0.003500
0.027807
0.412216
0.368120
0.888660
0.071861
0.718847
0.101005
0.779478
0.659937
0.509254
0.280142
0.423711
0.603064
0.496504
0.936237
0.645516
0.748968
0.280142
0.857153
0.347218
0.522173
0.447255
0.389789
0.575479
0.052380
