0.000302
0.599108
0.867063
0.260938
0.234903
0.863039
0.457673
0.664241
0.444304
0.763251
0.309565
0.874502
0.700348
0.620658
0.228656
0.387831
0.521549
0.771578
0.115410
0.013864
0.552316
0.380031
0.474647
0.774123
0.118237
0.019234
0.512943
0.950642
0.817095
0.507541
0.635383
0.572993
0.756222
0.616609
0.756543
0.200093
0.117925
0.896238
0.380991
0.779949
0.596770
0.506294
0.686482
0.805040
0.131131
0.035114
0.382834
0.648400
0.915687
0.471054
0.772566
0.530339
0.653985
0.514420
0.790049
0.148719
0.020468
0.663209
0.578702
0.157108
0.069715
0.879158
0.453127
0.608840
0.438461
0.936444
0.730044
0.810275
0.141201
0.031271
0.567570
0.623318
0.199055
0.595873
0.122408
0.262190
0.742002
0.421266
0.326739
0.538759
0.380614
0.633352
0.451411
0.150985
0.032404
0.371585
0.724861
0.355641
0.073795
0.085608
0.199753
0.824223
0.948650
0.438574
0.157469
0.640087
0.660719
0.114761
0.017147
0.561598
