0.703577
0.821159
0.530918
0.796060
0.359320
0.382346
0.508856
0.743829
0.543677
0.981490
0.945036
0.662997
0.706877
0.582685
0.919601
0.434364
0.743829
0.543677
0.543677
0.457492
0.919601
0.717055
0.082358
0.703572
0.821154
0.390324
0.622572
0.311588
0.821154
0.910173
0.757083
0.223740
0.508852
0.230790
0.783217
0.401048
0.690064
0.437154
0.821159
0.556564
0.253041
0.900310
0.845322
0.351792
0.609198
0.296022
0.543677
0.279008
0.808714
0.856990
0.783222
0.636001
0.401044
0.481329
0.379789
0.945039
0.919601
0.663002
0.743824
0.868345
0.239819
0.371963
0.890034
0.622572
0.879372
0.783222
0.757083
0.919598
0.013221
0.976832
0.900306
0.890034
0.379793
0.074717
0.622572
0.004699
0.390320
0.609198
0.910170
0.845322
0.198826
0.392928
0.369458
0.703577
0.481329
0.543677
0.937053
0.833365
0.636006
0.945036
0.167974
0.910170
0.985572
0.460373
0.890030
0.690064
0.833370
0.663002
0.868349
0.434364
