0.761979
0.931300
0.744010
0.866584
0.645732
0.814339
0.385747
0.445107
0.886968
0.153229
0.949032
0.995676
0.484686
0.341215
0.369112
0.380169
0.884746
0.136313
0.967633
0.992302
0.473728
0.063557
0.185948
0.334182
0.370028
0.417944
0.835187
0.683152
0.685978
0.518799
0.621183
0.265714
0.566193
0.252778
0.385747
0.383884
0.041426
0.621183
0.132910
0.217012
0.157552
0.756905
0.995589
0.104308
0.788977
0.971694
0.920522
0.218376
0.300951
0.189655
0.869626
0.071737
0.406473
0.266487
0.706432
0.461833
0.207619
0.004343
0.111701
0.454927
0.323767
0.860369
0.409330
0.877914
0.206958
0.920522
0.994080
0.648652
0.623160
0.204985
0.063557
0.784186
0.458870
0.199142
0.626122
0.249791
0.776083
0.834491
0.032629
0.347426
0.644757
0.243149
0.837264
0.803021
0.173956
0.732602
0.200431
0.834491
0.848748
0.484686
0.581282
0.865355
0.459857
0.709183
0.313519
0.252029
0.633995
0.518799
0.103908
0.461833
