0.000000
0.000000
0.000001
0.000000
0.512974
0.000186
0.000000
0.455312
0.448150
0.000000
0.324383
0.002565
0.035777
0.857365
0.000000
0.000094
0.626479
0.491310
0.918851
0.505753
0.000000
0.000463
0.666933
0.512974
0.873182
0.484094
0.197157
0.000040
0.000002
0.686499
0.142868
0.680031
0.781403
0.686499
0.280380
0.197157
0.000013
0.000000
0.245154
0.268368
0.563296
0.775994
0.505753
0.223077
0.079513
0.753624
0.548982
0.000000
0.000000
0.570425
0.062551
0.633331
0.913212
0.527403
0.173164
0.046788
0.455312
0.742010
0.931738
0.563296
0.000213
0.000003
0.775994
0.151131
0.686499
0.897853
0.512974
0.182527
0.082198
0.730122
0.876938
0.965523
0.548982
0.584615
0.062551
0.000006
0.000000
0.268368
0.233970
0.384759
0.775994
0.520191
0.455312
0.069437
0.469681
0.520191
0.770511
0.724078
0.292651
0.123576
0.605695
0.705561
0.699266
0.000000
0.000053
0.484094
0.484094
0.884218
0.753624
0.207297
