0.000000
0.000000
0.000000
0.000000
0.703934
0.000000
0.000000
0.834641
0.488750
0.000000
0.277427
0.000003
0.114672
0.778440
0.000000
0.000000
0.658155
0.427901
0.821531
0.539758
0.000000
0.000001
0.721432
0.458197
0.729989
0.498961
0.220925
0.000000
0.000000
0.676793
0.378448
0.600085
0.729989
0.407933
0.448061
0.135609
0.000000
0.000000
0.478548
0.549912
0.793421
0.754853
0.417890
0.509174
0.141231
0.821531
0.549912
0.000000
0.000000
0.729989
0.294787
0.685953
0.821531
0.398036
0.321735
0.119676
0.407933
0.786006
0.924553
0.427901
0.000001
0.000000
0.770724
0.417890
0.695002
0.834641
0.213432
0.398036
0.147009
0.648688
0.821531
0.938169
0.321735
0.762861
0.570120
0.000000
0.000000
0.590151
0.437960
0.800682
0.695002
0.321735
0.770724
0.124832
0.580161
0.488750
0.729989
0.478548
0.549912
0.600085
0.427901
0.539758
0.600085
0.000000
0.000000
0.458197
0.368769
0.619757
0.793421
0.130143
