0.000000
0.000000
0.000000
0.000000
0.000000
0.000001
0.000000
0.000000
0.703934
0.512974
0.000000
0.000186
0.000000
0.000000
0.834641
0.455312
0.488750
0.448150
0.000000
0.000000
0.277427
0.324383
0.000003
0.002565
0.114672
0.035777
0.778440
0.857365
0.000000
0.000000
0.000000
0.000094
0.658155
0.626479
0.427901
0.491310
0.821531
0.918851
0.539758
0.505753
0.000000
0.000000
0.000001
0.000463
0.721432
0.666933
0.458197
0.512974
0.729989
0.873182
0.498961
0.484094
0.220925
0.197157
0.000000
0.000040
0.000000
0.000002
0.676793
0.686499
0.378448
0.142868
0.600085
0.680031
0.729989
0.781403
0.407933
0.686499
0.448061
0.280380
0.135609
0.197157
0.000000
0.000013
0.000000
0.000000
0.478548
0.245154
0.549912
0.268368
0.793421
0.563296
0.754853
0.775994
0.417890
0.505753
0.509174
0.223077
0.141231
0.079513
0.821531
0.753624
0.549912
0.548982
0.000000
0.000000
0.000000
0.000000
0.729989
0.570425
0.294787
0.062551
0.685953
0.633331
0.821531
0.913212
0.398036
0.527403
0.321735
0.173164
0.119676
0.046788
0.407933
0.455312
0.786006
0.742010
0.924553
0.931738
0.427901
0.563296
0.000001
0.000213
0.000000
0.000003
0.770724
0.775994
0.417890
0.151131
0.695002
0.686499
0.834641
0.897853
0.213432
0.512974
0.398036
0.182527
0.147009
0.082198
0.648688
0.730122
0.821531
0.876938
0.938169
0.965523
0.321735
0.548982
0.762861
0.584615
0.570120
0.062551
0.000000
0.000006
0.000000
0.000000
0.590151
0.268368
0.437960
0.233970
0.800682
0.384759
0.695002
0.775994
0.321735
0.520191
0.770724
0.455312
0.124832
0.069437
0.580161
0.469681
0.488750
0.520191
0.729989
0.770511
0.478548
0.724078
0.549912
0.292651
0.600085
0.123576
0.427901
0.605695
0.539758
0.705561
0.600085
0.699266
0.000000
0.000000
0.000000
0.000053
0.458197
0.484094
0.368769
0.484094
0.619757
0.884218
0.793421
0.753624
0.130143
0.207297
