0.008147
0.106641
0.396118
0.098511
0.863125
0.502133
0.128405
0.088079
0.492618
0.281339
0.461032
0.432875
0.623468
0.581589
0.194416
0.119392
0.492618
0.818818
0.037726
0.531128
0.152060
0.156883
0.492618
0.818818
0.037726
0.600150
0.498935
0.844010
0.113861
0.065792
0.492618
0.832159
0.077095
0.274262
0.730219
0.287736
0.911105
0.168376
0.396118
0.225295
0.810769
0.234835
0.637389
0.029128
0.634032
0.965781
0.738720
0.911105
0.106641
0.512821
0.225295
0.832159
0.301631
0.216549
0.179860
0.319136
0.965781
0.822183
0.700402
0.007252
0.343160
0.037539
0.101942
0.492618
0.041998
0.726648
0.033667
0.343026
0.634032
0.938859
0.495144
0.943438
0.030838
0.206640
0.440709
0.524754
0.168376
0.082183
0.371002
0.600150
0.495621
0.216299
0.449437
0.498935
0.938859
0.454997
0.436623
0.027352
0.343160
0.731596
0.251717
0.742280
0.609282
0.633841
0.008415
0.510532
0.965781
0.685071
0.013664
0.014267
