0.596606
0.716008
0.631252
0.331922
0.626435
0.991289
0.408098
0.340892
0.120892
0.260411
0.975804
0.558248
0.165554
0.072236
0.818471
0.072540
0.793091
0.533223
0.785259
0.379357
0.741400
0.398003
0.750339
0.728533
0.091044
0.586746
0.178866
0.792138
0.384942
0.339869
0.594890
0.840355
0.370878
0.917626
0.397243
0.212074
0.457636
0.117483
0.298814
0.227430
0.643424
0.649389
0.410855
0.966910
0.955238
0.130653
0.555073
0.768293
0.864493
0.922603
0.463936
0.916901
0.495744
0.226505
0.559557
0.091420
0.432472
0.476168
0.579174
0.732980
0.499316
0.969349
0.909524
0.217398
0.610483
0.871698
0.701429
0.328823
0.465027
0.383120
0.316249
0.251687
0.708686
0.941436
0.273362
0.934214
0.705343
0.075834
0.227465
0.130752
0.325044
0.349237
0.651920
0.814007
0.282322
0.969212
0.906692
0.382612
0.656710
0.825638
0.527668
0.145408
0.441795
0.353390
0.125315
0.355872
0.527913
0.231224
0.030773
0.582204
