0.159044
0.374306
0.862457
0.862457
0.862457
0.439868
0.157494
0.037210
0.374306
0.499514
0.159044
0.374306
0.713852
0.949536
0.713852
0.212245
0.713852
0.499514
0.713852
0.125969
0.499514
0.949536
0.157494
0.374306
0.374306
0.153190
0.499514
0.374306
0.949536
0.949536
0.648387
0.037210
0.713852
0.648387
0.949536
0.949536
0.374306
0.157494
0.014014
0.587007
0.014014
0.862457
0.374306
0.330688
0.949536
0.039717
0.949536
0.713852
0.212245
0.203766
0.125969
0.862457
0.862457
0.374306
0.862457
0.713852
0.212245
0.949536
0.648387
0.499514
0.587007
0.157494
0.713852
0.037210
0.066920
0.212245
0.648387
0.862457
0.439868
0.439868
0.157494
0.648387
0.587007
0.862457
0.587007
0.587007
0.441306
0.713852
0.862457
0.862457
0.713852
0.153190
0.066920
0.862457
0.159044
0.587007
0.439868
0.862457
0.499514
0.330688
0.159044
0.713852
0.862457
0.499514
0.862457
0.499514
0.499514
0.374306
0.441306
0.499514
