0.364227
0.844668
0.096661
0.835804
0.250853
0.747852
0.274341
0.964099
0.228486
0.138854
0.947066
0.090665
0.018422
0.993447
0.377875
0.192203
0.268368
0.364227
0.660307
0.541801
0.076896
0.484094
0.988642
0.020094
0.207297
0.926786
0.305169
0.350752
0.223077
0.344084
0.807304
0.498531
0.337466
0.116398
0.660307
0.812251
0.904217
0.646909
0.021892
0.469681
0.686499
0.009271
0.913212
0.705561
0.058265
0.844668
0.391681
0.146960
0.692911
0.138854
0.541801
0.298880
0.441005
0.062551
0.817120
0.633331
0.633331
0.448150
0.686499
0.979278
0.880617
0.419701
0.956244
0.090665
0.865432
0.262461
0.807304
0.250853
0.686499
0.653632
0.680031
0.286484
0.405629
0.054215
0.377875
0.717969
0.887741
0.223077
0.384759
0.412651
0.038681
0.904217
0.759325
0.043394
0.730122
0.357467
0.109522
0.168600
0.371030
0.747852
0.498531
0.563296
0.084951
0.764955
0.844668
0.598699
0.646909
0.711796
0.901072
0.759325
