0.458197
0.600085
0.268940
0.770724
0.398036
0.807788
0.191867
0.847115
0.178264
0.062700
0.648688
0.303653
0.220925
0.967808
0.260586
0.398036
0.448061
0.793421
0.417890
0.427901
0.043615
0.260586
0.969629
0.023344
0.236357
0.658155
0.268940
0.124832
0.738414
0.206090
0.549912
0.560035
0.609955
0.031275
0.252369
0.864631
0.904472
0.312637
0.091889
0.312637
0.580161
0.244292
0.695002
0.658155
0.015141
0.268940
0.590151
0.549912
0.746703
0.184987
0.934959
0.220925
0.100561
0.448061
0.890679
0.498961
0.519382
0.252369
0.648688
0.712745
0.834641
0.821531
0.963898
0.629483
0.746703
0.600085
0.478548
0.539758
0.870153
0.458197
0.712745
0.519382
0.458197
0.017183
0.220925
0.600085
0.870153
0.198902
0.303653
0.378448
0.448061
0.648688
0.685953
0.024778
0.065892
0.590151
0.468362
0.330943
0.349667
0.904472
0.529579
0.114672
0.529579
0.847115
0.676793
0.398036
0.509174
0.600085
0.529579
0.667525
