0.458197
0.364227
0.600085
0.844668
0.268940
0.096661
0.770724
0.835804
0.398036
0.250853
0.807788
0.747852
0.191867
0.274341
0.847115
0.964099
0.178264
0.228486
0.062700
0.138854
0.648688
0.947066
0.303653
0.090665
0.220925
0.018422
0.967808
0.993447
0.260586
0.377875
0.398036
0.192203
0.448061
0.268368
0.793421
0.364227
0.417890
0.660307
0.427901
0.541801
0.043615
0.076896
0.260586
0.484094
0.969629
0.988642
0.023344
0.020094
0.236357
0.207297
0.658155
0.926786
0.268940
0.305169
0.124832
0.350752
0.738414
0.223077
0.206090
0.344084
0.549912
0.807304
0.560035
0.498531
0.609955
0.337466
0.031275
0.116398
0.252369
0.660307
0.864631
0.812251
0.904472
0.904217
0.312637
0.646909
0.091889
0.021892
0.312637
0.469681
0.580161
0.686499
0.244292
0.009271
0.695002
0.913212
0.658155
0.705561
0.015141
0.058265
0.268940
0.844668
0.590151
0.391681
0.549912
0.146960
0.746703
0.692911
0.184987
0.138854
0.934959
0.541801
0.220925
0.298880
0.100561
0.441005
0.448061
0.062551
0.890679
0.817120
0.498961
0.633331
0.519382
0.633331
0.252369
0.448150
0.648688
0.686499
0.712745
0.979278
0.834641
0.880617
0.821531
0.419701
0.963898
0.956244
0.629483
0.090665
0.746703
0.865432
0.600085
0.262461
0.478548
0.807304
0.539758
0.250853
0.870153
0.686499
0.458197
0.653632
0.712745
0.680031
0.519382
0.286484
0.458197
0.405629
0.017183
0.054215
0.220925
0.377875
0.600085
0.717969
0.870153
0.887741
0.198902
0.223077
0.303653
0.384759
0.378448
0.412651
0.448061
0.038681
0.648688
0.904217
0.685953
0.759325
0.024778
0.043394
0.065892
0.730122
0.590151
0.357467
0.468362
0.109522
0.330943
0.168600
0.349667
0.371030
0.904472
0.747852
0.529579
0.498531
0.114672
0.563296
0.529579
0.084951
0.847115
0.764955
0.676793
0.844668
0.398036
0.598699
0.509174
0.646909
0.600085
0.711796
0.529579
0.901072
0.667525
0.759325
