0.099853
0.375543
0.857876
0.325444
0.562857
0.747360
0.546963
0.263876
0.579828
0.118376
0.533521
0.908143
0.330027
0.748664
0.810302
0.569774
0.904470
0.033978
0.337255
0.631227
0.521228
0.621290
0.872767
0.022560
0.238190
0.841484
0.727470
0.186671
0.847380
0.430386
0.575411
0.535255
0.180497
0.641572
0.984158
0.276659
0.826993
0.913023
0.057333
0.447596
0.122420
0.060245
0.427450
0.841430
0.516523
0.425516
0.936393
0.214435
0.792890
0.119914
0.733932
0.173415
0.109654
0.591274
0.856998
0.473770
0.271472
0.965027
0.059864
0.004082
0.936555
0.688124
0.260754
0.968122
0.316529
0.118783
0.746411
0.872679
0.203849
0.262741
0.941325
0.179665
0.015995
0.326522
0.043384
0.974550
0.940358
0.045929
0.246514
0.108234
0.093437
0.365027
0.794752
0.567131
0.619771
0.678693
0.136291
0.041008
0.125471
0.172943
0.813500
0.355417
0.263093
0.861906
0.643213
0.887948
0.073908
0.768345
0.589208
0.851066
