0.777595
0.285604
0.205554
0.176035
0.205554
0.453995
0.492618
0.018225
0.096846
0.206640
0.396129
0.994346
0.763550
0.542317
0.100796
0.626987
0.205554
0.234835
0.492618
0.554426
0.685071
0.279245
0.618602
0.930768
0.884472
0.075407
0.067588
0.205554
0.190031
0.742280
0.598842
0.965781
0.443660
0.128405
0.507900
0.108221
0.147549
0.537249
0.384375
0.494089
0.030996
0.573599
0.227060
0.343160
0.074969
0.753945
0.225295
0.818818
0.250331
0.649383
0.751585
0.411877
0.863125
0.622112
0.173932
0.165042
0.221447
0.289785
0.214599
0.490518
0.563407
0.717303
0.506405
0.205554
0.738720
0.211592
0.527864
0.822183
0.531306
0.311320
0.513756
0.763550
0.054133
0.542317
0.432875
0.315583
0.152655
0.853659
0.027578
0.850454
0.039844
0.436623
0.493673
0.082183
0.027814
0.674340
0.278440
0.774086
0.468766
0.096846
0.052703
0.162806
0.994346
0.493673
0.542317
0.330071
0.057053
0.685071
0.396118
0.319136
