0.581909
0.408863
0.462869
1.000000
0.001808
1.000000
0.408863
0.581909
0.408863
0.098577
0.783087
0.783087
0.646355
0.520637
0.646355
0.043502
0.926884
0.408863
0.854380
0.021781
0.142033
0.270812
0.358795
0.581909
0.520637
0.358795
0.270812
0.854380
0.713570
0.854380
0.926884
0.168669
0.066457
0.581909
0.854380
0.232884
1.000000
0.462869
0.520637
0.270812
0.581909
0.581909
0.270812
0.713570
0.854380
0.713570
0.198887
0.854380
0.081236
0.854380
0.462869
0.198887
0.854380
0.358795
0.408863
0.066457
0.408863
0.198887
1.000000
0.854380
0.312769
0.358795
0.270812
0.646355
0.646355
0.783087
0.408863
0.926884
0.926884
0.358795
0.027638
0.520637
0.142033
0.168669
0.854380
0.232884
0.926884
0.118754
0.520637
0.854380
0.646355
0.926884
0.408863
0.854380
0.142033
1.000000
0.021781
0.646355
0.926884
0.783087
0.926884
0.646355
0.713570
0.854380
0.646355
0.270812
0.462869
0.098577
0.232884
0.581909
