0.185914
0.189838
0.722386
0.189838
0.272433
0.731779
0.849583
0.003617
0.095407
0.288556
0.393884
0.575344
0.011211
0.328997
0.507320
0.038567
0.024839
0.429552
0.272433
0.647610
0.656867
0.040682
0.866193
0.429552
0.228209
0.373520
0.467379
0.104759
0.032790
0.422245
0.044043
0.787595
0.353930
0.523869
0.174531
0.796727
0.262075
0.232825
0.515555
0.575344
0.366904
0.114866
0.170864
0.629223
0.937363
0.889834
0.967477
0.629223
0.299704
0.805785
0.444425
0.499167
0.247113
0.483106
0.219194
0.247113
0.523869
0.731779
0.459642
0.174531
0.160236
0.602017
0.889834
0.975089
0.958638
0.638394
0.515555
0.967477
0.429552
0.557894
0.620100
0.759852
0.051495
0.703594
0.675485
0.523869
0.262075
0.317033
0.128627
0.237514
0.422245
0.832407
0.353930
0.202009
0.228209
0.722386
0.684836
0.953762
0.978437
0.491095
0.185914
0.857965
0.549275
0.523869
0.796727
0.805785
0.429552
0.353930
0.058515
0.523869
