0.137518
0.299704
0.277729
0.237514
0.712989
0.694207
0.515555
0.012667
0.134500
0.247113
0.620100
0.566584
0.005956
0.311174
0.629223
0.066343
0.019195
0.459642
0.694207
0.422245
0.584171
0.436946
0.638394
0.156815
0.038567
0.422245
0.341295
0.088862
0.064710
0.202009
0.051495
0.387010
0.499167
0.193828
0.483106
0.415025
0.153454
0.011211
0.436946
0.849583
0.360374
0.125771
0.031905
0.750520
0.874256
0.992529
0.988909
0.549275
0.137518
0.483106
0.475200
0.134500
0.647610
0.353930
0.143721
0.010872
0.322973
0.769148
0.499167
0.134500
0.029375
0.684836
0.741159
0.897326
0.990843
0.540731
0.202009
0.866193
0.759852
0.566584
0.593063
0.975089
0.125771
0.722386
0.499167
0.125771
0.656867
0.219194
0.107214
0.008744
0.223666
0.832407
0.593063
0.091001
0.041776
0.483106
0.787595
0.931330
0.918464
0.918464
0.140591
0.963210
0.532261
0.602017
0.638394
0.584171
0.429552
0.252025
0.071458
0.937363
