0.185914
0.137518
0.189838
0.299704
0.722386
0.277729
0.189838
0.237514
0.272433
0.712989
0.731779
0.694207
0.849583
0.515555
0.003617
0.012667
0.095407
0.134500
0.288556
0.247113
0.393884
0.620100
0.575344
0.566584
0.011211
0.005956
0.328997
0.311174
0.507320
0.629223
0.038567
0.066343
0.024839
0.019195
0.429552
0.459642
0.272433
0.694207
0.647610
0.422245
0.656867
0.584171
0.040682
0.436946
0.866193
0.638394
0.429552
0.156815
0.228209
0.038567
0.373520
0.422245
0.467379
0.341295
0.104759
0.088862
0.032790
0.064710
0.422245
0.202009
0.044043
0.051495
0.787595
0.387010
0.353930
0.499167
0.523869
0.193828
0.174531
0.483106
0.796727
0.415025
0.262075
0.153454
0.232825
0.011211
0.515555
0.436946
0.575344
0.849583
0.366904
0.360374
0.114866
0.125771
0.170864
0.031905
0.629223
0.750520
0.937363
0.874256
0.889834
0.992529
0.967477
0.988909
0.629223
0.549275
0.299704
0.137518
0.805785
0.483106
0.444425
0.475200
0.499167
0.134500
0.247113
0.647610
0.483106
0.353930
0.219194
0.143721
0.247113
0.010872
0.523869
0.322973
0.731779
0.769148
0.459642
0.499167
0.174531
0.134500
0.160236
0.029375
0.602017
0.684836
0.889834
0.741159
0.975089
0.897326
0.958638
0.990843
0.638394
0.540731
0.515555
0.202009
0.967477
0.866193
0.429552
0.759852
0.557894
0.566584
0.620100
0.593063
0.759852
0.975089
0.051495
0.125771
0.703594
0.722386
0.675485
0.499167
0.523869
0.125771
0.262075
0.656867
0.317033
0.219194
0.128627
0.107214
0.237514
0.008744
0.422245
0.223666
0.832407
0.832407
0.353930
0.593063
0.202009
0.091001
0.228209
0.041776
0.722386
0.483106
0.684836
0.787595
0.953762
0.931330
0.978437
0.918464
0.491095
0.918464
0.185914
0.140591
0.857965
0.963210
0.549275
0.532261
0.523869
0.602017
0.796727
0.638394
0.805785
0.584171
0.429552
0.429552
0.353930
0.252025
0.058515
0.071458
0.523869
0.937363
